golden:
/*     0 */    10,   35,    3,    5,    1,    9,    7,   17,   20,   13, /*    10 */    16,   15,    5,   19,    5,   26,    6,   22,    4,    2, /*    20 */    23,    6,    8,   11,   21,   24,   25,   12,   24,   24, /*    30 */    24,   14,   18,
inference:
/* 0 */ 9, 35, 22, 1, 15, 2, 4, 8, 6, 17, /* 10 */ 20, 12, 16, 13, 15, 14, 4, 18, 15, 19, /* 20 */ 4, 26, 5, 23, 3, 5, 7, 10, 21, 4, /* 30 */ 24, 11, 25,

/* 0 */ 9, 35, 22, 1, 15, 2, 4, 8, 6, 17, /* 10 */ 20, 12, 13, 15, 14, 4, 18, 15, 19, /* 20 */ 4, 26, 5, 23, 3, 5, 7, 10, 21, 4, /* 30 */ 24, 11, 25,
/* 0 */ 9, 35, 22, 1, 15, 2, 4, 8, 6, 17, /* 10 */ 20, 12, 16, 13, 15, 14, 4, 18, 15, 19, /* 20 */ 4, 26, 5, 23, 3, 5, 7, 10, 21, 4, /* 30 */ 24, 11, 24,
/* 0 */ 9, 35, 22, 1, 15, 2, 4, 6, 6, 17, /* 10 */ 20, 12, 16, 13, 15, 14, 4, 18, 15, 19, /* 20 */ 4, 26, 5, 23, 3, 5, 7, 10, 21, 4, /* 30 */ 24, 11, 25,
/* 0 */ 9, 35, 22, 1, 15, 2, 4, 8, 6, 17, /* 10 */ 20, 12, 16, 13, 15, 14, 4, 18, 15, 19, /* 20 */ 4, 26, 5, 23, 3, 5, 7, 10, 21, 4, /* 30 */ 24, 11, 23,
/* 0 */ 10, 35, 22, 1, 15, 2, 4, 8, 6, 17, /* 10 */ 20, 12, 16, 13, 15, 14, 4, 18, 15, 19, /* 20 */ 4, 26, 5, 23, 3, 5, 7, 10, 21, 4, /* 30 */ 24, 11, 25,
/* 0 */ 9, 35, 22, 1, 15, 2, 4, 8, 6, 17, /* 10 */ 20, 12, 6, 13, 15, 14, 4, 18, 15, 19, /* 20 */ 4, 26, 5, 23, 3, 5, 7, 10, 21, 4, /* 30 */ 24, 11, 25,
/* 0 */ 9, 35, 22, 1, 15, 2, 4, 8, 6, 17, /* 10 */ 20, 12, 16, 13, 15, 14, 4, 18, 15, 19, /* 20 */ 4, 26, 5, 23, 3, 5, 7, 10, 21, 4,
/* 0 */ 9, 35, 23, 1, 15, 2, 4, 8, 6, 17, /* 10 */ 20, 12, 16, 13, 15, 14, 4, 18, 15, 19, /* 20 */ 4, 26, 5, 23, 3, 5, 7, 10, 21, 4, /* 30 */ 24, 11, 25,
/* 0 */ 9, 35, 22, 1, 15, 2, 4, 8, 6, 17, /* 10 */ 20, 12, 16, 13, 15, 14, 4, 18, 15, 19, /* 20 */ 4, 6, 5, 23, 3, 5, 7, 10, 21, 4, /* 30 */ 24, 11, 25,
/* 0 */ 9, 35, 22, 1, 15, 2, 4, 8, 6, 17, /* 10 */ 20, 12, 16, 13, 15, 14, 4, 18, 15, 19, /* 20 */ 4, 26, 5, 23, 3, 5, 7, 10, 21, 4, /* 30 */ 24, 11, 26,
/* 0 */ 9, 35, 22, 1, 15, 2, 4, 8, 6, 17, /* 10 */ 20, 12, 16, 13, 15, 14, 4, 18, 15, 19, /* 20 */ 4, 26, 5, 23, 3, 5, 7, 10, 21, 4, /* 30 */ 23, 11, 25,
/* 0 */ 9, 35, 22, 1, 15, 2, 4, 8, 6, 17, /* 10 */ 20, 12, 16, 13, 15,14 4, 18, 15, 19, /* 20 */ 4, 26, 5, 23, 3, 5, 7, 10, 21, 4, /* 30 */ 24, 11, 25,
/* 0 */ 9, 15, 2, 4, 8, 6, 17, /* 10 */ 20, 12, 16, 13, 15, 14, 4, 18, 15, 19, /* 20 */ 4, 26, 5, 23, 3, 5, 7, 10, 21, 4, /* 30 */ 24, 11, 25,
/* 0 */ 9, 5, 22, 1, 15, 2, 4, 8, 6, 17, /* 10 */ 20, 12, 16, 13, 15, 14, 4, 18, 15, 19, /* 20 */ 4, 26, 5, 23, 3, 5, 7, 10, 21, 4, /* 30 */ 24, 11, 25,
/* 0 */ 9, 35, 22, 1, 15, 2, 4, 8, 6, 16, /* 10 */ 20, 12, 16, 13, 15, 14, 4, 18, 15, 19, /* 20 */ 4, 26, 5, 23, 3, 5, 7, 10, 21, 4, /* 30 */ 24, 11, 25,
/* 0 */ 9, 35, 22, 1, 15, 2, 4, 8, 6, 7, /* 10 */ 20, 12, 16, 13, 15, 14, 4, 18, 15, 19, /* 20 */ 4, 26, 5, 23, 3, 5, 7, 10, 21, 4, /* 30 */ 24, 11, 25,
/* 0 */ 9, 35, 22, 1, 15, 2, 4, 8, 6, 17, /* 10 */ 20, 12, 16, 13, 15, 14, 4, 18, 15, 21, /* 20 */ 4, 26, 5, 23, 3, 5, 7, 10, 21, 4, /* 30 */ 24, 11, 25,
/* 0 */ 9, 35, 22, 1, 15, 2, 4, 8, 6, 17, /* 10 */ 20, 12, 12, 13, 15, 14, 4, 18, 15, 19, /* 20 */ 4, 26, 5, 23, 3, 5, 7, 10, 21, 4, /* 30 */ 24, 11, 25,
/* 0 */ 9, 95, 22, 1, 15, 2, 4, 8, 6, 17, /* 10 */ 20, 12, 16, 13, 15, 14, 4, 18, 15, 19, /* 20 */ 4, 26, 5, 23, 3, 5, 7, 10, 21, 4, /* 30 */ 24, 11, 25,
/* 0 */ 5, 35, 22, 1, 15, 2, 4, 8, 6, 17, /* 10 */ 20, 12, 16, 13, 15, 14, 4, 18, 15, 19, /* 20 */ 4, 26, 5, 23, 3, 5, 7, 10, 21, 4, /* 30 */ 24, 11, 25,
/* 0 */ 9, 35, 22, 1, 15, 2, 4, 8, 6, 17, /* 10 */ 21, 12, 16, 13, 15, 14, 4, 18, 15, 19, /* 20 */ 4, 26, 5, 23, 3, 5, 7, 10, 21, 4, /* 30 */ 24, 11, 25,
/* 0 */ 29, 35, 22, 1, 15, 2, 4, 8, 6, 17, /* 10 */ 20, 12, 16, 13, 15, 14, 4, 18, 15, 19, /* 20 */ 4, 26, 5, 23, 3, 5, 7, 10, 21, 4, /* 30 */ 24, 11, 25,
/* 0 */ 9, 35, 22, 1, 16, 2, 4, 8, 6, 17, /* 10 */ 20, 12, 16, 13, 15, 14, 4, 18, 15, 19, /* 20 */ 4, 26, 5, 23, 3, 5, 7, 10, 21, 4, /* 30 */ 24, 11, 25,
/* 0 */ 9, 35, 22, 1, 15, 2, 4, 8, 6, 17, /* 10 */ 20, 12, 14, 13, 15, 14, 4, 18, 15, 19, /* 20 */ 4, 26, 5, 23, 3, 5, 7, 10, 21, 4, /* 30 */ 24, 11, 25,
/* 0 */ 9, 35, 21, 1, 15, 2, 4, 8, 6, 17, /* 10 */ 20, 12, 16, 13, 15, 14, 4, 18, 15, 19, /* 20 */ 4, 26, 5, 23, 3, 5, 7, 10, 21, 4, /* 30 */ 24, 11, 25,
.* 0 */ 9, 35, 22, 1, 15, 2, 4, 8, 6, 17,.* 10 */ 20, 12, 16, 13, 15, 14, 4, 18, 15, 19,.* 20 */ 4, 26, 5, 23, 3, 5, 7, 10, 21, 4,.* 30 */ 24, 11, 25,
/* 0 */ 9, 15, 2, 4, 8, 6, 17, /* 10 */ 20, 12, 13, 15, 14, 4, 18, 15, 19, /* 20 */ 4, 26, 5, 23, 3, 5, 7, 10, 21, 4, /* 30 */ 24, 11, 25,
/* 0 */ 9, 35, 22, 1, 15, 2, 4, 8, 6, 17, /* 10 */ 20, 12, 13, 15, 14, 4, 18, 15, 19, /* 20 */ 4, 26, 5, 23, 3, 5, 7, 10, 21, 4, /* 30 */ 24, 11, 24,
/* 0 */ 9, 35, 22, 1, 15, 2, 4, 8, 6, 17, /* 10 */ 22, 12, 16, 13, 15, 14, 4, 18, 15, 19, /* 20 */ 4, 26, 5, 23, 3, 5, 7, 10, 21, 4, /* 30 */ 24, 11, 25,
/* 0 */ 9, 35, 22, 1, 15, 2, 4, 4, 6, 17, /* 10 */ 20, 12, 16, 13, 15, 14, 4, 18, 15, 19, /* 20 */ 4, 26, 5, 23, 3, 5, 7, 10, 21, 4, /* 30 */ 24, 11, 25,
/* 0 */ 10, 35, 22, 1, 15, 2, 4, 8, 6, 17, /* 10 */ 20, 12, 13, 15, 14, 4, 18, 15, 19, /* 20 */ 4, 26, 5, 23, 3, 5, 7, 10, 21, 4, /* 30 */ 24, 11, 25,
/* 0 */ 9, 35, 22, 1, 15, 2, 4, 8, 6, 17, /* 10 */ 20, 12, 16, 13, 15, 14, 4, 18, 15, 19, /* 20 */ 4, 26, 5, 23, 3, 5, 7, 10, 21, 4, /* 30 */ 24, 11, 21,
/* 0 */ 9, 35, 22, 1, 15, 2, 4, 8, 6, 17,
/* 0 */ 9, 35, 22, 1, 15, 2, 4, 8, 6, 17, /* 10 */ 20, 12, 16, 13, 15, 14, 4, 18, 15, 19, /* 20 */ 4, 26, 5, 23, 3, 5, 7, 10, 21, 4, /* 30 */ 24, 11, 22,
/* 0 */ 9, 35, 22, 1, 15,2, 4, 8, 6, 17, /* 10 */ 20, 12, 16, 13, 15, 14, 4, 18, 15, 19, /* 20 */ 4, 26, 5, 23, 3, 5, 7, 10, 21, 4, /* 30 */ 24, 11, 25,
/* 0 */ 9, 35, 22, 1, 15, 2, 4, 6, 6, 17, /* 10 */ 20, 12, 13, 15, 14, 4, 18, 15, 19, /* 20 */ 4, 26, 5, 23, 3, 5, 7, 10, 21, 4, /* 30 */ 24, 11, 25,
/* 0 */ 9, 35, 22, 1, 15, 2, 4, 8, 6, 17, /* 10 */ 20, 12, 16, 13, 15, 14, 4, 18, 15, 19, /* 20 */ 4, 26, 5, 23, 3, 5, 7, 10, 21, 4, /* 30 */ 24, 11, 29,
/* 0 */ 9, 35, 22, 1, 15, 2, 4, 8, 6, 17, /* 10 */ 20, 12, 13, 15, 14, 4, 18, 15, 19, /* 20 */ 4, 26, 5, 23, 3, 5, 7, 10, 21, 4, /* 30 */ 24, 11, 23,
/* 0 */ 9, 35, 22, 1, 15, 2, 4, 8, 6, 13, /* 10 */ 20, 12, 16, 13, 15, 14, 4, 18, 15, 19, /* 20 */ 4, 26, 5, 23, 3, 5, 7, 10, 21, 4, /* 30 */ 24, 11, 25,
/* 0 */ 9, 35, 22, 1, 15, 2, 4, 8, 6, 17, /* 10 */ 20, 12, 16, 13, 15, 14, 4, 18, 15, 19, /* 20 */ 4, 26, 5, 23, 3, 5, 7, 10, 21, 4, /* 30, 11, 25,
.d = 0;
/* 0 */ 9, 35, 22, 1, 15, 2, 4, 8, 6, 17, /* 10 */ 20, 12, 16, 13, 15, 14, 4, 18, 15, 19, /* 20 */ 4, 25, 5, 23, 3, 5, 7, 10, 21, 4, /* 30 */ 24, 11, 25,
/* 0 */ 19, 35, 22, 1, 15, 2, 4, 8, 6, 17, /* 10 */ 20, 12, 16, 13, 15, 14, 4, 18, 15, 19, /* 20 */ 4, 26, 5, 23, 3, 5, 7, 10, 21, 4, /* 30 */ 24, 11, 25,
/* 0 */ 9, 35, 22, 1, 15, 2, 4, 8, 6, 17, /* 10 */ 20, 12, 16, 13, 15, 14, 4, 18, 15, 19, /* 20 */ 4, 26, 5, 23 3, 5, 7, 10, 21, 4, /* 30 */ 24, 11, 25,
/* 0 */ 9 35, 22, 1, 15, 2, 4, 8, 6, 17, /* 10 */ 20, 12, 16, 13, 15, 14, 4, 18, 15, 19, /* 20 */ 4, 26, 5, 23, 3, 5, 7, 10, 21, 4, /* 30 */ 24, 11, 25,
/* 0 */ 9, 35, 22, 1, 15, 2, 4, 8, 6, 17, /* 10 */ 20, 12, 16, 13, 15, 14, 4, 18, 15, 20, /* 20 */ 4, 26, 5, 23, 3, 5, 7, 10, 21, 4, /* 30 */ 24, 11, 25,
/* 0 */ 9, 35, 22 1, 15, 2, 4, 8, 6, 17, /* 10 */ 20, 12, 16, 13, 15, 14, 4, 18, 15, 19, /* 20 */ 4, 26, 5, 23, 3, 5, 7, 10, 21, 4, /* 30 */ 24, 11, 25,
.d = 9, 35, 22, 1, 15, 2, 4, 8, 6, 17,.d = 20, 12, 16, 13, 15, 14, 4, 18, 15, 19,.d = 4, 26, 5, 23, 3, 5, 7, 10, 21, 4,.d = 24, 11, 25,
/* 0 */ 11, 35, 22, 1, 15, 2, 4, 8, 6, 17, /* 10 */ 20, 12, 16, 13, 15, 14, 4, 18, 15, 19, /* 20 */ 4, 26, 5, 23, 3, 5, 7, 10, 21, 4, /* 30 */ 24, 11, 25,
/* 0 */ 9, 34, 22, 1, 15, 2, 4, 8, 6, 17, /* 10 */ 20, 12, 16, 13, 15, 14, 4, 18, 15, 19, /* 20 */ 4, 26, 5, 23, 3, 5, 7, 10, 21, 4, /* 30 */ 24, 11, 25,
/* 0 */ 9, 35, 23, 1, 15, 2, 4, 8, 6, 17, /* 10 */ 20, 12, 13, 15, 14, 4, 18, 15, 19, /* 20 */ 4, 26, 5, 23, 3, 5, 7, 10, 21, 4, /* 30 */ 24, 11, 25,
/* 0 */ 9, 35, 2, 1, 15, 2, 4, 8, 6, 17, /* 10 */ 20, 12, 16, 13, 15, 14, 4, 18, 15, 19, /* 20 */ 4, 26, 5, 23, 3, 5, 7, 10, 21, 4, /* 30 */ 24, 11, 25,
/* 0 */ 9, 35, 22, 1, 15, 2, 4, 18, 6, 17, /* 10 */ 20, 12, 16, 13, 15, 14, 4, 18, 15, 19, /* 20 */ 4, 26, 5, 23, 3, 5, 7, 10, 21, 4, /* 30 */ 24, 11, 25,
/* 0 */ 9, 65, 22, 1, 15, 2, 4, 8, 6, 17, /* 10 */ 20, 12, 16, 13, 15, 14, 4, 18, 15, 19, /* 20 */ 4, 26, 5, 23, 3, 5, 7, 10, 21, 4, /* 30 */ 24, 11, 25,
/* 0 */ 9, 35, 22, 1, 15, 2, 4, 8, 6, 17, /* 10 */ 20, 12, 16, 13, 15, 14, 4, 18, 15, 19, /* 20 */ 4, 26, 5, 23, 3, 5, 7, 10, 21, 4, /* 30 */ 4, 11, 25,
/* 0 */ 9, 35, 22, 1, 15, 2, 4, 5, 6, 17, /* 10 */ 20, 12, 16, 13, 15, 14, 4, 18, 15, 19, /* 20 */ 4, 26, 5, 23, 3, 5, 7, 10, 21, 4, /* 30 */ 24, 11, 25,
/* 0 */ 9, 35, 22, 1, 15, 2, 4, 8, 6, 17, /* 10, 12, 16, 13, 15, 14, 4, 18, 15, 19, /* 20 */ 4, 26, 5, 23, 3, 5, 7, 10, 21, 4, /* 30 */ 24, 11, 25,
/* 0 */ 9, 22, 1, 15, 2, 4, 8, 6, 17, /* 10 */ 20, 12, 16, 13, 15, 14, 4, 18, 15, 19, /* 20 */ 4, 26, 5, 23, 3, 5, 7, 10, 21, 4, /* 30 */ 24, 11, 25,
/* 0 */ 7, 35, 22, 1, 15, 2, 4, 8, 6, 17, /* 10 */ 20, 12, 16, 13, 15, 14, 4, 18, 15, 19, /* 20 */ 4, 26, 5, 23, 3, 5, 7, 10, 21, 4, /* 30 */ 24, 11, 25,
/* 0 */ 9, 35, 22, 1, 15, 2, 4, 8, 6, 17, /* 10 */ 20, 12, 15, 14, 4, 18, 15, 19, /* 20 */ 4, 26, 5, 23, 3, 5, 7, 10, 21, 4, /* 30 */ 24, 11, 25,
/* 0 */ 9, 35, 22, 1, 15, 2, 4, 8, 6, 17, /* 10 */ 20, 12, 13, 15, 14, 4, 18, 15, 19, /* 20 */ 4, 26, 5, 23, 3, 5, 7, 10, 21, 4,
.d = 9, 35, 22, 1, 15, 2, 4, 8, 6, 17,.d = 20, 12, 16, 13, 15, 14, 4, 18, 15, 19,.d = 20, 26, 5, 23, 3, 5, 7, 10, 21, 4,.d = 30, 11, 25,
/* 0 */ 935, 22, 1, 15, 2, 4, 8, 6, 17, /* 10 */ 20, 12, 16, 13, 15, 14, 4, 18, 15, 19, /* 20 */ 4, 26, 5, 23, 3, 5, 7, 10, 21, 4, /* 30 */ 24, 11, 25,
/* 0 */ 9, 35, 22, 1, 15, 2, 4, 8, 6, 17, /* 10 */ 20, 12, 16, 13, 15, 14, 4, 18, 15, 19, /* 20 */ 4, 26, 5, 23, 3, 5, 7, 10, 21, 4, /* 30 */ 25, 11, 25,
/* 0 */ 9, 35, 22, 1, 15, 2, 4, 8, 6, 12, /* 10 */ 20, 12, 16, 13, 15, 14, 4, 18, 15, 19, /* 20 */ 4, 26, 5, 23, 3, 5, 7, 10, 21, 4, /* 30 */ 24, 11, 25,
/* 0 */ 1, 35, 22, 1, 15, 2, 4, 8, 6, 17, /* 10 */ 20, 12, 16, 13, 15, 14, 4, 18, 15, 19, /* 20 */ 4, 26, 5, 23, 3, 5, 7, 10, 21, 4, /* 30 */ 24, 11, 25,
/* 0 */ 9, 35, 22, 1, 15, 2, 4, 8, 6, 17, /* 10 */ 20, 12, 16, 13, 15, 14, 4, 18, 15, 23, /* 20 */ 4, 26, 5, 23, 3, 5, 7, 10, 21, 4, /* 30 */ 24, 11, 25,
/* 0 */ 12, 35, 22, 1, 15, 2, 4, 8, 6, 17, /* 10 */ 20, 12, 16, 13, 15, 14, 4, 18, 15, 19, /* 20 */ 4, 26, 5, 23, 3, 5, 7, 10, 21, 4, /* 30 */ 24, 11, 25,
/* 0 */ 9, 35, 22, 1, 15, 2, 4, 4, 8, 6, 17, /* 10 */ 20, 12, 13, 15, 14, 4, 18, 15, 19, /* 20 */ 4, 26, 5, 23, 3, 5, 7, 10, 21, 4, /* 30 */ 24, 11, 25,
/* 0 */ 9, 35, 22, 1, 15, 2, 4, 9, 6, 17, /* 10 */ 20, 12, 16, 13, 15, 14, 4, 18, 15, 19, /* 20 */ 4, 26, 5, 23, 3, 5, 7, 10, 21, 4, /* 30 */ 24, 11, 25,
/* 0 */ 9, 35, 22, 1, 15, 2, 4, 8, 6, 17, /* 10 */ 20, 12, 16, 13, 15, 14, 4, 18, 15, 18, /* 20 */ 4, 26, 5, 23, 3, 5, 7, 10, 21, 4, /* 30 */ 24, 11, 25,
/* 0 */ 9, 35, 22, 1, 15, 2, 4, 8, 6, 17, /* 10 */ 20, 12, 16, 13, 15, 14, 4, 18, 15, 19, /* 20 */ 4, 26, 5, 23, 3, 5, 7, 10, 21, 4, /* 30 */ 24, 10, 25,
/* 10 */ 20, 12, 16, 13, 15, 14, 4, 18, 15, 19, /* 20 */ 4, 26, 5, 23, 3, 5, 7, 10, 21, 4, /* 30 */ 24, 11, 25,
/* 0 */ 9, 35, 22, 1, 15, 2, 4, 8, 6, 17, /* 10 */ 20 12, 16, 13, 15, 14, 4, 18, 15, 19, /* 20 */ 4, 26, 5, 23, 3, 5, 7, 10, 21, 4, /* 30 */ 24, 11, 25,
/* 0 */ 9, 35, 22, 1, 15, 2, 4, 8, 6, 17, /* 10 */ 20, 12, 16, 13, 15, 14, 4, 18, 15, 19, /* 20 */ 4, 26, 5, 23, 3, 5, 7, 10, 21, 4, /* 30 */ 24, 12, 25,
/* 0*/ 9, 35, 22, 1, 15, 2, 4, 8, 6, 17, /* 10*/ 20, 12, 16, 13, 15, 14, 4, 18, 15, 19, /* 20*/ 4, 26, 5, 23, 3, 5, 7, 10, 21, 4, /* 30*/ 24, 11, 25,
/* 0 */ 9, 35, 22, 1, 15, 2, 4, 8, 6, 17,.* 10 */ 20, 12, 16, 13, 15, 14, 4, 18, 15, 19,.* 20 */ 4, 26, 5, 23, 3, 5, 7, 10, 21, 4,.* 30 */ 24, 11, 25,
/* 0 */ 9, 35, 22, 1, 15, 2, 4, 8, 6, 17, /* 10 */ 20, 12, 13, 15, 14, 4, 18, 15, 19, /* 20 */ 4, 6, 5, 23, 3, 5, 7, 10, 21, 4, /* 30 */ 24, 11, 25,
/* 0 */ 9, 35, 22, 1, 15, 2, 4, 16, 6, 17, /* 10 */ 20, 12, 16, 13, 15, 14, 4, 18, 15, 19, /* 20 */ 4, 26, 5, 23, 3, 5, 7, 10, 21, 4, /* 30 */ 24, 11, 25,
/* 0 */ 9, 35, 22, 1, 15, 2, 4, 8, 6, 17, /* 10 */ 20, 12, 16, 13, 15, 14, 4, 18, 15, 19, /* 20 */ 4, 27, 5, 23, 3, 5, 7, 10, 21, 4, /* 30 */ 24, 11, 25,
/* 0 */ 9, 55, 22, 1, 15, 2, 4, 8, 6, 17, /* 10 */ 20, 12, 16, 13, 15, 14, 4, 18, 15, 19, /* 20 */ 4, 26, 5, 23, 3, 5, 7, 10, 21, 4, /* 30 */ 24, 11, 25,
/* 0 */ 9, 35, 22, 1, 15, 2, 4, 8, 6, 17, /* 10 */ 20, 12, 16, 13, 15, 14, 4, 18, 15, 19, /* 20 */ 4, 26, 5, 23, 3, 5, 7, 10, 21, 4, /* 30 */ 20, 11, 25,
/* 0 **/ 9, 35, 22, 1, 15, 2, 4, 8, 6, 17, /* 10 */ 20, 12, 16, 13, 15, 14, 4, 18, 15, 19, /* 20 */ 4, 26, 5, 23, 3, 5, 7, 10, 21, 4, /* 30 */ 24, 11, 25,
/* 0 */ 9, 35, 22, 1, 15, 2, 4, 8, 6, 19, /* 10 */ 20, 12, 16, 13, 15, 14, 4, 18, 15, 19, /* 20 */ 4, 26, 5, 23, 3, 5, 7, 10, 21, 4, /* 30 */ 24, 11, 25,
/* 0 */ 9, 35, 22, 1, 15, 2, 4, 8, 6, 17, /* 10 */ 20, 12, 16, 13, 15, 14, 4, 18, 15, 19, /* 20 */ 4, 26, 5, 23, 3, 5, 7, 10, 21, 4, /* 30 */ 24, 11, 25
/* 0 */ 9, 35, 22, 1, 15, 2, 4, 8, 6, 15, /* 10 */ 20, 12, 16, 13, 15, 14, 4, 18, 15, 19, /* 20 */ 4, 26, 5, 23, 3, 5, 7, 10, 21, 4, /* 30 */ 24, 11, 25,
/* 0 */ 9, 35, 22, 1, 15, 2, 4, 8, 6, 17, /* 10 */ 20, 12, 13, 15, 14, 4, 18, 15, 19, /* 20 */ 4, 26, 5, 23, 3, 5, 7, 10, 21, 4, /* 30 */ 24, 11, 26,
/* 0 */ 9, 35, 22, 1, 15, 2, 4, 7, 6, 17, /* 10 */ 20, 12, 16, 13, 15, 14, 4, 18, 15, 19, /* 20 */ 4, 26, 5, 23, 3, 5, 7, 10, 21, 4, /* 30 */ 24, 11, 25,
/* 0 */ 9, 35, 22, 1, 15, 2, 4, 8, 6, 17, /* 10 */ 20, 12, 13, 15, 14, 4, 18, 15, 19, /* 20 */ 4, 26, 5, 23, 3, 5, 7, 10, 21, 4, /* 30 */ 23, 11, 25,
/* 0 */ 9, 5, 22, 1, 15, 2, 4, 8, 6, 17, /* 10 */ 20, 12, 13, 15, 14, 4, 18, 15, 19, /* 20 */ 4, 26, 5, 23, 3, 5, 7, 10, 21, 4, /* 30 */ 24, 11, 25,
/* 0 */ 9, 35, 22, 1, 15, 2, 4, 8, 6, 17, /* 10 */ 2, 12, 16, 13, 15, 14, 4, 18, 15, 19, /* 20 */ 4, 26, 5, 23, 3, 5, 7, 10, 21, 4, /* 30 */ 24, 11, 25,
/* 0 */ 9, 35, 22, 1, 5, 2, 4, 8, 6, 17, /* 10 */ 20, 12, 16, 13, 15, 14, 4, 18, 15, 19, /* 20 */ 4, 26, 5, 23, 3, 5, 7, 10, 21, 4, /* 30 */ 24, 11, 25,
/* 0 */ 9, 35, 22, 1, 15, 2, 4, 8, 6, 17, /* 10 */ twenty 12, 16, 13, 15, 14, 4, 18, 15, 19, /* 20 */ 4, 26, 5, 23, 3, 5, 7, 10, 21, 4, /* 30 */ 24, 11, 25,
/* 0 */ 8, 35, 22, 1, 15, 2, 4, 8, 6, 17, /* 10 */ 20, 12, 16, 13, 15, 14, 4, 18, 15, 19, /* 20 */ 4, 26, 5, 23, 3, 5, 7, 10, 21, 4, /* 30 */ 24, 11, 25,
/* 0 */ 9, 35, 22, 1, 15, 2, 4, 8, 6, 17, /* 10 */ 20, 12, 16, 13, 15, 14, 4, 18, 15, 19, /* 20 */ 4, 26, 5, 23, 3, 5, 7, 10, 21, 4, /* 30 */ 21, 11, 25,
/* 0 */ 9, 35, 22, 1, 15, 2, 4, 8, 6, 17, /* 10 */ 20, 12, 16, 13, 15, 14, 4, 18, 15, 19, /* 20 */ 4, 28, 5, 23, 3, 5, 7, 10, 21, 4, /* 30 */ 24, 11, 25,
/* 0 */ 9, 95, 22, 1, 15, 2, 4, 8, 6, 17, /* 10 */ 20, 12, 13, 15, 14, 4, 18, 15, 19, /* 20 */ 4, 26, 5, 23, 3, 5, 7, 10, 21, 4, /* 30 */ 24, 11, 25,
/* 0 */ 9, 35, 22, 1, 15, 2, 4, 8, 6, 17, /* 10 */ 20, 12, 16, 13, 15, 14, 4, 18, 15, 19, /* 20 */ 4, 26, 5, 23, 3, 5, 7, 10, 21, 4, /* 30 */ 22, 11, 25,
/* 0 */ 9, 35, 22, 1, 15, 2, 4, 8, 6, 17 /* 10 */ 20, 12, 16, 13, 15, 14, 4, 18, 15, 19, /* 20 */ 4, 26, 5, 23, 3, 5, 7, 10, 21, 4, /* 30 */ 24, 11, 25,
/* 0 */ 3, 35, 22, 1, 15, 2, 4, 8, 6, 17, /* 10 */ 20, 12, 16, 13, 15, 14, 4, 18, 15, 19, /* 20 */ 4, 26, 5, 23, 3, 5, 7, 10, 21, 4, /* 30 */ 24, 11, 25,
/* 0 */ 9, 33, 22, 1, 15, 2, 4, 8, 6, 17, /* 10 */ 20, 12, 16, 13, 15, 14, 4, 18, 15, 19, /* 20 */ 4, 26, 5, 23, 3, 5, 7, 10, 21, 4, /* 30 */ 24, 11, 25,
.d = 9, 35, 22, 1, 15, 2, 4, 8, 6, 17,.d = 20, 12, 16, 13, 15, 14, 4, 18, 15, 19,.d = 4, 26, 5, 23, 3, 5, 7, 10, 21, 4,.d = 30, 11, 25,
.d = 0;.d = 0;
/* 0 */ 9, 35, 22, 1, 15, 2, 4, 8, 6 17, /* 10 */ 20, 12, 16, 13, 15, 14, 4, 18, 15, 19, /* 20 */ 4, 26, 5, 23, 3, 5, 7, 10, 21, 4, /* 30 */ 24, 11, 25,
/* 0 */ 9, 35, 22, 1, 15, 2, 4, 8, 6, 17, /* 10 */ 20, 12, 16, 13, 15, 14, 4, 18, 15, 19 /* 20 */ 4, 26, 5, 23, 3, 5, 7, 10, 21, 4, /* 30 */ 24, 11, 25,
/* 0 */ 9, 35, 22, 1, 15, 2, 4, 8, 6, 7, /* 10 */ 20, 12, 13, 15, 14, 4, 18, 15, 19, /* 20 */ 4, 26, 5, 23, 3, 5, 7, 10, 21, 4, /* 30 */ 24, 11, 25,
/* 0*/ 9, 35, 22, 1, 15, 2, 4, 8, 6, 17, /* 10 */ 20, 12, 16, 13, 15, 14, 4, 18, 15, 19, /* 20 */ 4, 26, 5, 23, 3, 5, 7, 10, 21, 4, /* 30 */ 24, 11, 25,
/* 0 */ 9, 35, 22, 1, 15, 2, 4, 8, 6, 17, /* 10 */ 20, 12, 16, 13, 15, 14, 4, 18, 15, 19, /* 20 */ 3, 26, 5, 23, 3, 5, 7, 10, 21, 4, /* 30 */ 24, 11, 25,
/* 0 */ 2, 35, 22, 1, 15, 2, 4, 8, 6, 17, /* 10 */ 20, 12, 16, 13, 15, 14, 4, 18, 15, 19, /* 20 */ 4, 26, 5, 23, 3, 5, 7, 10, 21, 4, /* 30 */ 24, 11, 25,
/* 0 */ 9, 35, 16, 1, 15, 2, 4, 8, 6, 17, /* 10 */ 20, 12, 16, 13, 15, 14, 4, 18, 15, 19, /* 20 */ 4, 26, 5, 23, 3, 5, 7, 10, 21, 4, /* 30 */ 24, 11, 25,
/* 0 */ 9, 35, 22, 1, 16, 2, 4, 8, 6, 17, /* 10 */ 20, 12, 13, 15, 14, 4, 18, 15, 19, /* 20 */ 4, 26, 5, 23, 3, 5, 7, 10, 21, 4, /* 30 */ 24, 11, 25,
/* 0 */ 9, 35, 22, 1, 15, 2, 4, 8, 6, 17, /* 10 */ 20, 13, 15, 14, 4, 18, 15, 19, /* 20 */ 4, 26, 5, 23, 3, 5, 7, 10, 21, 4, /* 30 */ 24, 11, 25,
/* 0 */ 9, 35, 22, 1, 15, 2, 4, 2, 6, 17, /* 10 */ 20, 12, 16, 13, 15, 14, 4, 18, 15, 19, /* 20 */ 4, 26, 5, 23, 3, 5, 7, 10, 21, 4, /* 30 */ 24, 11, 25,
/* 0 */ 9, 35, 22, 1, 15, 2, 4, 8, 6, 17, /* 10 */ 20, 12, 16, 13, 15, 14, 4, 18, 15, 19, /* 20 */ 4, 26, 5, 23, 3, 5, 7, 10, 21, 4, /* 30 */ 24, 11, 28,
/* 0 */ 9, 2, 1, 15, 2, 4, 8, 6, 17, /* 10 */ 20, 12, 16, 13, 15, 14, 4, 18, 15, 19, /* 20 */ 4, 26, 5, 23, 3, 5, 7, 10, 21, 4, /* 30 */ 24, 11, 25,
/* 0 */ 9, 35, 22, 1, 15, 2, 4, 8, 6, 17, /* 10 */ 20, 12, 16, 13, 15, 14, 4, 18, 15, 19, /* 20 */ 4, 26, 5, 23, 3, 5, 6, 10, 21, 4, /* 30 */ 24, 11, 25,
/* 0 */ 9, 35, 22, 1, 15, 2, 4, 8, 6, 17, /* 10 */ 20, 12, 16, 13, 15, 14, 4, 18, 15, 22, /* 20 */ 4, 26, 5, 23, 3, 5, 7, 10, 21, 4, /* 30 */ 24, 11, 25,
/* 0 */ 9, 35, 22, 1, 15, 2, 4, 8, 6, 17, /* 10 */ 22, 12, 13, 15, 14, 4, 18, 15, 19, /* 20 */ 4, 26, 5, 23, 3, 5, 7, 10, 21, 4, /* 30 */ 24, 11, 25,
/* 0 */ 9, 15, 22, 1, 15, 2, 4, 8, 6, 17, /* 10 */ 20, 12, 16, 13, 15, 14, 4, 18, 15, 19, /* 20 */ 4, 26, 5, 23, 3, 5, 7, 10, 21, 4, /* 30 */ 24, 11, 25,
/* 0 */ 9, 35, 24, 1, 15, 2, 4, 8, 6, 17, /* 10 */ 20, 12, 16, 13, 15, 14, 4, 18, 15, 19, /* 20 */ 4, 26, 5, 23, 3, 5, 7, 10, 21, 4, /* 30 */ 24, 11, 25,
/* 0 */ 6, 35, 22, 1, 15, 2, 4, 8, 6, 17, /* 10 */ 20, 12, 16, 13, 15, 14, 4, 18, 15, 19, /* 20 */ 4, 26, 5, 23, 3, 5, 7, 10, 21, 4, /* 30 */ 24, 11, 25,
/* 0 */ 9, 35, 22, 1, 15, 2, 4, 8, 6, 17, /* 10 */ 20, 12, 16, 13, 15, 14, 4, 18, 15, 19, /* 20 */ 4, 26, 5, 23, 3, 5, 7, 10, 21, 4, /* 30 */ 25,
/* 0 */ 9, 35, 22, 1, 15, 2, 4, 8, 6, 17, /* 10 */ 20, 12, 13, 15,14 4, 18, 15, 19, /* 20 */ 4, 26, 5, 23, 3, 5, 7, 10, 21, 4, /* 30 */ 24, 11, 25,
/* 0 */ 9, 35, 22, 1, 15, 2, 4, 8, 6, 17, /* 10 */ 20, 12, 16, 13, 15, 14, 4, 18, 15, 19, /* 20 */ 4, 26, 5, 23, 3, 5, 7, 10, 21, 4, /* 30 */ 26, 11, 25,
/* 0 */ 9, 35, 22, 1, 15, 2, 4, 12, 6, 17, /* 10 */ 20, 12, 16, 13, 15, 14, 4, 18, 15, 19, /* 20 */ 4, 26, 5, 23, 3, 5, 7, 10, 21, 4, /* 30 */ 24, 11, 25,
/* 0 */ 9, 35, 22, 1, 15, 2, 4, 8, 6, 17, /* 10 */ 20, 12, 16, 13, 15, 14, 4, 18, 15, 19, /* 20 */ 4, 26, 5, 23, 3, 5, 7, 10, 21, 4, /* 30 */ 28, 11, 25,
/* 0 */ 13, 35, 22, 1, 15, 2, 4, 8, 6, 17, /* 10 */ 20, 12, 16, 13, 15, 14, 4, 18, 15, 19, /* 20 */ 4, 26, 5, 23, 3, 5, 7, 10, 21, 4, /* 30 */ 24, 11, 25,
/* 0 */ 9, 35, 22, 1, 15, 2, 4, 8, 6, 17, /* 10 */ 20, 12, 16, 13, 15, 14, 4, 18, 15, 19, /* 20 */ 4, 24, 5, 23, 3, 5, 7, 10, 21, 4, /* 30 */ 24, 11, 25,
/* 0 */ 9, 35, 22, 1, 15, 2, 4, 8, 6, 17, /* 10 */ 20, 12, 16, 13, 15, 14, 4, 18, 15, 19, /* 20 */ 4, 26 5, 23, 3, 5, 7, 10, 21, 4, /* 30 */ 24, 11, 25,
/* 0 */ 9, 35, 22, 1, 15, 2, 4, 8, 6, 17, /* 10 */ 20, 12, 13, 15, 14, 4, 18, 15, 19, /* 20 */ 4, 26, 5, 23, 3, 5, 7, 10, 21, 4, /* 30 */ 24, 11, 25,,
/* 0 */ 9, 35, 22, 1, 15, 2, 4, 8, 6, 17, /* 10 */ 20, 12, 13, 15, 14, 4, 18, 15, 21, /* 20 */ 4, 26, 5, 23, 3, 5, 7, 10, 21, 4, /* 30 */ 24, 11, 25,
/* 0 */ 9, 25, 22, 1, 15, 2, 4, 8, 6, 17, /* 10 */ 20, 12, 16, 13, 15, 14, 4, 18, 15, 19, /* 20 */ 4, 26, 5, 23, 3, 5, 7, 10, 21, 4, /* 30 */ 24, 11, 25,
/* 0 */ 9, 35, 21, 1, 15, 2, 4, 8, 6, 17, /* 10 */ 20, 12, 13, 15, 14, 4, 18, 15, 19, /* 20 */ 4, 26, 5, 23, 3, 5, 7, 10, 21, 4, /* 30 */ 24, 11, 25,
/* 0 */ 9, 5, 23, 1, 15, 2, 4, 8, 6, 17, /* 10 */ 20, 12, 16, 13, 15, 14, 4, 18, 15, 19, /* 20 */ 4, 26, 5, 23, 3, 5, 7, 10, 21, 4, /* 30 */ 24, 11, 25,
/* 0 */ 5, 35, 22, 1, 15, 2, 4, 8, 6, 17, /* 10 */ 20, 12, 13, 15, 14, 4, 18, 15, 19, /* 20 */ 4, 26, 5, 23, 3, 5, 7, 10, 21, 4, /* 30 */ 24, 11, 25,
/* 0 */ 9, 34, 22, 1, 15, 2, 4, 8, 6, 17, /* 10 */ 20, 12, 13, 15, 14, 4, 18, 15, 19, /* 20 */ 4, 26, 5, 23, 3, 5, 7, 10, 21, 4, /* 30 */ 24, 11, 25,
/* 0 */ 9, 35, 22, 1, 15, 2, 4, 8, 6, 16, /* 10 */ 20, 12, 13, 15, 14, 4, 18, 15, 19, /* 20 */ 4, 26, 5, 23, 3, 5, 7, 10, 21, 4, /* 30 */ 24, 11, 25,
/* 0 */ nine 35, 22, 1, 15, 2, 4, 8, 6, 17, /* 10 */ 20, 12, 16, 13, 15, 14, 4, 18, 15, 19, /* 20 */ 4, 26, 5, 23, 3, 5, 7, 10, 21, 4, /* 30 */ 24, 11, 25,
/* 0 */ 9, 35, 22, 1, 15, 2, 4,8, 6, 17, /* 10 */ 20, 12, 16, 13, 15, 14, 4, 18, 15, 19, /* 20 */ 4, 26, 5, 23, 3, 5, 7, 10, 21, 4, /* 30 */ 24, 11, 25,
/* 0 */ 29, 35, 22, 1, 15, 2, 4, 8, 6, 17, /* 10 */ 20, 12, 13, 15, 14, 4, 18, 15, 19, /* 20 */ 4, 26, 5, 23, 3, 5, 7, 10, 21, 4, /* 30 */ 24, 11, 25,
/* 0 */ 9, 35, 22, 1, 15, 2, 4, 8, 6, 17, /* 10 */ 20, 12, 16, 13, 15, 14, 4, 18, 15, 19, /* 22 */ 4, 26, 5, 23, 3, 5, 7, 10, 21, 4, /* 30 */ 24, 11, 25,
/* 0 */ 9, 35, 22, 1, 15, 22, 4, 8, 6, 17, /* 10 */ 20, 12, 16, 13, 15, 14, 4, 18, 15, 19, /* 20 */ 4, 26, 5, 23, 3, 5, 7, 10, 21, 4, /* 30 */ 24, 11, 25,
/* 0 */ 9, 35, 22, 1, 15, 2, 4, 8, 6, 17, /* 10 */ 19, 12, 16, 13, 15, 14, 4, 18, 15, 19, /* 20 */ 4, 26, 5, 23, 3, 5, 7, 10, 21, 4, /* 30 */ 24, 11, 25,
/* 0 */ 9, 35, 22, 1, 15, 2, 4, 8 6, 17, /* 10 */ 20, 12, 16, 13, 15, 14, 4, 18, 15, 19, /* 20 */ 4, 26, 5, 23, 3, 5, 7, 10, 21, 4, /* 30 */ 24, 11, 25,
/* 0 */ 9, 35, 22, 1, 15, 2, 4, 8, 6, 17, /* 10 */ 20, 12, 16, 13, 15, 14, 4, 18, 15, 29, /* 20 */ 4, 26, 5, 23, 3, 5, 7, 10, 21, 4, /* 30 */ 24, 11, 25,
/* 0 */ 9, 35, 22, 1, 15, 2, 4, 6, 7, /* 10 */ 20, 12, 16, 13, 15, 14, 4, 18, 15, 19, /* 20 */ 4, 26, 5, 23, 3, 5, 7, 10, 21, 4, /* 30 */ 24, 11, 25,
/* 0 */ 9, 35, 22, 1, 15, 2, 4, 8, 6, 17, /* 10 */ 20, 12, 14, 14, 4, 18, 15, 19, /* 20 */ 4, 26, 5, 23, 3, 5, 7, 10, 21, 4, /* 30 */ 24, 11, 25,
/* 0 */ 9, 35, 22, 1, 14, 2, 4, 8, 6, 17, /* 10 */ 20, 12, 16, 13, 15, 14, 4, 18, 15, 19, /* 20 */ 4, 26, 5, 23, 3, 5, 7, 10, 21, 4, /* 30 */ 24, 11, 25,
/* 0 */ 9, 35, 22, 1, 15, 2, 4, 8, 6, 17, /* 10 */ 20, 12, 16, 13, 15, 14, 4, 18, 15, 19, /* 20 */ 4, 26, 5, 23, 3, 5, 7, 10, 21, 4, /* 30 */ 24 11, 25,
/* 0 */ 9, 35, 22, 1, 13, 2, 4, 8, 6, 17, /* 10 */ 20, 12, 16, 13, 15, 14, 4, 18, 15, 19, /* 20 */ 4, 26, 5, 23, 3, 5, 7, 10, 21, 4, /* 30 */ 24, 11, 25,
/* 0 */ 9, 35, 22, 1, 15, 2, 4, 8, 6, 17, /* 10 */ 20, 12, 16, 13, 15, 14, 4, 18, 15, 19, /* 21 */ 4, 26, 5, 23, 3, 5, 7, 10, 21, 4, /* 30 */ 24, 11, 25,
/* 0 */ 9, 35, 22, 1, 15, 2, 4, 8, 6, 17, /* 10 */ 30, 12, 16, 13, 15, 14, 4, 18, 15, 19, /* 20 */ 4, 26, 5, 23, 3, 5, 7, 10, 21, 4, /* 30 */ 24, 11, 25,
/* 10 */ 20, 12, 13, 15, 14, 4, 18, 15, 19, /* 20 */ 4, 26, 5, 23, 3, 5, 7, 10, 21, 4, /* 30 */ 24, 11, 25,
/* 0 */ 9, 10, 22, 1, 15, 2, 4, 8, 6, 17, /* 10 */ 20, 12, 16, 13, 15, 14, 4, 18, 15, 19, /* 20 */ 4, 26, 5, 23, 3, 5, 7, 10, 21, 4, /* 30 */ 24, 11, 25,
/* 0 */ 9, 45, 22, 1, 15, 2, 4, 8, 6, 17, /* 10 */ 20, 12, 16, 13, 15, 14, 4, 18, 15, 19, /* 20 */ 4, 26, 5, 23, 3, 5, 7, 10, 21, 4, /* 30 */ 24, 11, 25,
/* 0 */ 9, 35, 22, 1, 15, 2, 4, 8, 6, 11, /* 10 */ 20, 12, 16, 13, 15, 14, 4, 18, 15, 19, /* 20 */ 4, 26, 5, 23, 3, 5, 7, 10, 21, 4, /* 30 */ 24, 11, 25,
/* 0 */ 10, 15, 2, 4, 8, 6, 17, /* 10 */ 20, 12, 16, 13, 15, 14, 4, 18, 15, 19, /* 20 */ 4, 26, 5, 23, 3, 5, 7, 10, 21, 4, /* 30 */ 24, 11, 25,
/* 0 */ 9, 35, 22, 1, 15, 2, 4, 8, 6, 17, /* 10 */ 20, 12, 16, 13, 15, 14, 4, 18, 15, 19, /* 20 */ 4, 22, 5, 23, 3, 5, 7, 10, 21, 4, /* 30 */ 24, 11, 25,
/* 0 */ 9, 35, 22, 1, 15, 2, 4, 8, 6, 17, /* 10 */ 20, 12, 16, 13, 15, 14, 4, 18, 15, 19, /* 20 */ 4, 26, 5, 23, 3, 5, 7, 10, 21, 4, /* 30 */ 24, 11, 15,
/* 0 */ 9, 35, 20, 1, 15, 2, 4, 8, 6, 17, /* 10 */ 20, 12, 16, 13, 15, 14, 4, 18, 15, 19, /* 20 */ 4, 26, 5, 23, 3, 5, 7, 10, 21, 4, /* 30 */ 24, 11, 25,
/* 0 */ 9, 35, 22, 1, 15, 2, 4, 8, 6, 21, /* 10 */ 20, 12, 16, 13, 15, 14, 4, 18, 15, 19, /* 20 */ 4, 26, 5, 23, 3, 5, 7, 10, 21, 4, /* 30 */ 24, 11, 25,
/* 0 */ 9, 35, 22, 1, 15, 2, 4, 8, 6, 17, /* 10 */ 20, 12, 16, 13, 15, 14, 4, 18, 15, 19, /* 20 */ 4, 26, 5, 23, 3, 5, 7, 10, 21, 4, /* 30 */ 18, 11, 25,
/* 0 */ 9, 35, 22, 1, 15, 3, 4, 8, 6, 17, /* 10 */ 20, 12, 16, 13, 15, 14, 4, 18, 15, 19, /* 20 */ 4, 26, 5, 23, 3, 5, 7, 10, 21, 4, /* 30 */ 24, 11, 25,
/* 0 */ 9, 35, 22, 1, 15, 2, 4, 8, 6, 17, /* 10 */ 20, 12, 16, 13, 15, 14, 4, 18, 15, 19, /* 20 */ 2, 26, 5, 23, 3, 5, 7, 10, 21, 4, /* 30 */ 24, 11, 25,
/* 0 */ 9, 35, 22, 1, 15, 2, 4, 8, 6, 17, /* 10 */ 20, 12, 16, 13, 15, 14, 4, 18, 15, 19, /* 20 */ 4, 26, 5, 23, 3, 5, 7, 10, 21, 4, /* 30 */ 24, 11, 27,
/* 0 */ 9, 35, 22, 1, 15, 2, 4, 8, 6, 17, /* 10 */ 20, 12, 16, 13, 15, 14, 4, 18, 15, 19, /* 20, 20, 4, 26, 5, 23, 3, 5, 7, 10, 21, 4, /* 30 */ 24, 11, 25,
/* 0 */ 9, 35, 22, 1, 15, 2, 4, 8, 6, 17, /* 10 */ 20, 12, 16, 14, 4, 18, 15, 19, /* 20 */ 4, 26, 5, 23, 3, 5, 7, 10, 21, 4, /* 30 */ 24, 11, 25,
/* 0 */ 9, 35, 22, 1, 15, 2, 4, 8, 6, 17, /* 10 */ 20, 12, 16, 13, 15, 14, 4, 18, 15, 19, /* 20 */ 4, 26, 5, 23, 3, 5, 7 10, 21, 4, /* 30 */ 24, 11, 25,
/* 0 */ 9, 35, 22, 1, 15,2, 4, 8, 6, 17, /* 10 */ 20, 12, 13, 15, 14, 4, 18, 15, 19, /* 20 */ 4, 26, 5, 23, 3, 5, 7, 10, 21, 4, /* 30 */ 24, 11, 25,
/* 0 */ 9, 30, 22, 1, 15, 2, 4, 8, 6, 17, /* 10 */ 20, 12, 16, 13, 15, 14, 4, 18, 15, 19, /* 20 */ 4, 26, 5, 23, 3, 5, 7, 10, 21, 4, /* 30 */ 24, 11, 25,
/* 0 */ 9, 35, 22, 1, 15, 2, 4, 6, 6, 17, /* 10 */ 20, 12, 16, 13, 15, 14, 4, 18, 15, 19, /* 20 */ 4, 26, 5, 23, 3, 5, 7, 10, 21, 4, /* 30 */ 24, 11, 24,
/* 0 */ 9, 35, 22, 1, 15, 2, 4, 8, 6, 17, /* 10 */ 20, 12, 16, 13, 15, 14,4, 18, 15, 19, /* 20 */ 4, 26, 5, 23, 3, 5, 7, 10, 21, 4, /* 30 */ 24, 11, 25,
/* 0 */ 9, 35, 22, 1, 15, 2, 4, 8, 6, 17, /* 10 */ 24, 12, 16, 13, 15, 14, 4, 18, 15, 19, /* 20 */ 4, 26, 5, 23, 3, 5, 7, 10, 21, 4, /* 30 */ 24, 11, 25,
/* 0 */ 9, 35, 22, 1, 15, 2, 4, 8, 6, 17, /* 10 */ 20, 12, 16, 13, 15, 14, 4, 18, 15, 19, /* 20 */ 4, 26, 5, 23, 3, 5, 7, 10, 21, 4, /* 30 */ 24, 11, 30,
/* 0 */ 9, 35, 22, 1, 15 2, 4, 8, 6, 17, /* 10 */ 20, 12, 16, 13, 15, 14, 4, 18, 15, 19, /* 20 */ 4, 26, 5, 23, 3, 5, 7, 10, 21, 4, /* 30 */ 24, 11, 25,
/* 0 */ 9, 35, 22, 1, 15, 2, 4, 8, 6, 17, /* 10 */ 20, 12, 16, 13, 15, 14 4, 18, 15, 19, /* 20 */ 4, 26, 5, 23, 3, 5, 7, 10, 21, 4, /* 30 */ 24, 11, 25,
/* 0 */ 9, 10, 12, 16, 13, 15, 14, 4, 18, 15, 19, /* 20 */ 4, 26, 5, 23, 3, 5, 7, 10, 21, 4, /* 30 */ 24, 11, 25,
/* 0 */ 9, 35, 22, 1, 15, 2, 4, 8, 6, 17, /* 10 */ 10, 12, 16, 13, 15, 14, 4, 18, 15, 19, /* 20 */ 4, 26, 5, 23, 3, 5, 7, 10, 21, 4, /* 30 */ 24, 11, 25,
/* 0 */ 9, 35, 22, 1, 15, 2, 4, 8, 6, 17, /* 10 */ 16, 13, 15, 14, 4, 18, 15, 19, /* 20 */ 4, 26, 5, 23, 3, 5, 7, 10, 21, 4, /* 30 */ 24, 11, 25,
.d = 0;.d = 9, 35, 22, 1, 15, 2, 4, 8, 6, 17,.d = 20, 12, 16, 13, 15, 14, 4, 18, 15, 19,.d = 20, 26, 5, 23, 3, 5, 7, 10, 21, 4,.d = 30, 11, 25,
/* 0 */ 9, 35, 22, 1, 15, 2, 4, 8, 6, 17, /* 10 */ 20, 12, 16, 13, 15, 14, 4, 18, 15, 19,.* 20 */ 4, 26, 5, 23, 3, 5, 7, 10, 21, 4,.* 30 */ 24, 11, 25,
/* 0 */ 9, 35, 22, 1, 15, 2, 4, 8, 6, 17, /* 10 */ 20, 12, 13, 15, 14, 4, 18, 15, 19, /* 20 */ 4, 26, 5, 23, 3, 5, 7, 10, 21, 4, /* 30 */ 24, 11, 21,
/* 0 */ 9, 35, 22, 1, 15, 2, 4, 4, 6, 17, /* 10 */ 20, 12, 13, 15, 14, 4, 18, 15, 19, /* 20 */ 4, 26, 5, 23, 3, 5, 7, 10, 21, 4, /* 30 */ 24, 11, 25,
/* 0 */ 9, 36, 22, 1, 15, 2, 4, 8, 6, 17, /* 10 */ 20, 12, 16, 13, 15, 14, 4, 18, 15, 19, /* 20 */ 4, 26, 5, 23, 3, 5, 7, 10, 21, 4, /* 30 */ 24, 11, 25,
/* 0 */ 9, 5, 2, 1, 15, 2, 4, 8, 6, 17, /* 10 */ 20, 12, 16, 13, 15, 14, 4, 18, 15, 19, /* 20 */ 4, 26, 5, 23, 3, 5, 7, 10, 21, 4, /* 30 */ 24, 11, 25,
/* 0 */ 9, 35, 22, 1, 15, 2, 4, 8, 6, 17, /* 10 */ 20, 12, 16, 13, 15, 14, 4, 18, 15, 19, /* 20 */ 4, 26, 5, 23, 3, 5, 7, 10, 21, 4, /* 30 */ 2, 11, 25,
/* 0 */ 9, 37, 22, 1, 15, 2, 4, 8, 6, 17, /* 10 */ 20, 12, 16, 13, 15, 14, 4, 18, 15, 19, /* 20 */ 4, 26, 5, 23, 3, 5, 7, 10, 21, 4, /* 30 */ 24, 11, 25,
/* 0 */ 9, 35, 22, 1, 15, 2, 4, 8, 6, 17, /* 10 */ 20, 12, 13, 15, 14, 4, 18, 15, 19, /* 20 */ 4, 26, 5, 23, 3, 5, 7, 10, 21, 4, /* 30 */ 24, 11, 22,
/* 0 */ 9, 35, 22, 1, 15, 2, 4, 8, 6, 17, /* 10 */ 20, 12, 16, 13, 15, 14, 4, 18, 15, 19, /* 20 */ 4, 26, 5, 23, 3, 5, 7, 10, 22, 4, /* 30 */ 24, 11, 25,
/* 0 */ 9, 35, 22, 1, 15, 2, 4, 8, 6, 17, /* 10 */ 20, 12, 16, 13, 15, 14, 4, 18, 15, 19, /* 20 */ 4, 26, 5, 23, 3, 5, 7, 10, 21, 4, /* 30 */ 24, 13, 25,
/* 0 */ 9, 35, 22, 1, 15, 1, 4, 8, 6, 17, /* 10 */ 20, 12, 16, 13, 15, 14, 4, 18, 15, 19, /* 20 */ 4, 26, 5, 23, 3, 5, 7, 10, 21, 4, /* 30 */ 24, 11, 25,
/* 0 */ 9 35, 22, 1, 15, 2, 4, 8, 6, 17, /* 10 */ 20, 12, 13, 15, 14, 4, 18, 15, 19, /* 20 */ 4, 26, 5, 23, 3, 5, 7, 10, 21, 4, /* 30 */ 24, 11, 25,
/* 0 */ 9, 35, 22, 1, 15, 2, 4, 8, 6, 17, /* 10 */ 20, 12, 16, 13, 15, 14, 4, 18, 15, 19, /* 20 */ 4, 26, 5, 23, 3, 5, 7, 10, 21, 4,.* 30 */ 24, 11, 25,
/* 0 */ 9, 35, 22, 1, 15, 2, 4, 8, 6, 17, /* 10 */ 20, 12, 16, 13, 15, 14, 4, 18, 15, 19, /* 20 */ 4, 21, 5, 23, 3, 5, 7, 10, 21, 4, /* 30 */ 24, 11, 25,
/* 0 */ 9, 25,
/* 0 */ 9, 35, 22, 1, 15, 2, 4, 8, 6, 17, /* 10 */ 20, 12, 16, 13, 15, 14, 4, 18, 15, 19, /* 20 */ 4, 26, 5, 23, 3, 5, 7, 10, 21, 4, /* 30 */ 29, 11, 25,
/* 0 */ 9, 35, 22, 1, 15, 2, 4, 8, 6, 17, /* 10 */ 20, 12, 16, 13, 15, 14, 4, 18, 15, 19, /* 20 */ 4, 26, 5, 23, 3, 5, 7, 10, 21, 4, /* 30 */ 24, 11 25,
/* 0 */ 9, 32, 22, 1, 15, 2, 4, 8, 6, 17, /* 10 */ 20, 12, 16, 13, 15, 14, 4, 18, 15, 19, /* 20 */ 4, 26, 5, 23, 3, 5, 7, 10, 21, 4, /* 30 */ 24, 11, 25,
.d = 0.d = 9, 35, 22, 1, 15, 2, 4, 8, 6, 17,.d = 20, 12, 16, 13, 15, 14, 4, 18, 15, 19,.d = 20, 6, 5, 23, 3, 5, 7, 10, 21, 4,.d = 30, 11, 25,
.d = 0.d; 9, 35, 22, 1, 15, 2, 4, 8, 6, 17,.d = 10, 12, 16, 13, 15, 14, 4, 18, 15, 19,.d = 20, 6, 23, 3, 5, 7, 10, 21, 4,.d = 30, 11, 25,
.d = 9, 95, 22, 1, 15, 2, 4, 8, 6, 17,.d = 20, 12, 16, 13, 15, 14, 4, 18, 15, 19,.d = 4, 26, 5, 23, 3, 5, 7, 10, 21, 4,.d = 20, 11, 25,
.d = 0;.d = 10, 15, 2, 4, 8, 6, 17,.d = 10, 12, 16, 13, 15, 14, 4, 18, 15, 19,.d = 20, 26, 5, 23, 3, 5, 7, 10, 21, 4,.d = 30, 11, 25,
.d = 0 * 9 35, 22, 1, 15, 2, 4, 8, 6, 17,.d = 10, 12, 16, 13, 15, 14, 4, 18, 15, 19,.d = 20, 26, 5, 23, 3, 5, 7, 10, 21, 4,.d = 30 * 24, 11, 25,
.d = 0.d, 10, 5, 16, 3, 15, 14, 4, 18, 15, 19,
.d = 0 * 9, 35, 22, 1, 15, 2, 4, 8, 6, 17,.d = 20, 12, 16, 13, 15, 14, 4, 18, 15, 19,.d = 20, 21, 5, 23, 3, 5, 7, 10, 21, 4,.d = 30 * 24, 11, 25,
.d = 0;.d = 0;.d = 0;.d = 0;.d = 0;.d = 0;.d = 0;.d = 0;.d = 0;.d = 0;.d = 0;.d = 0;.d = 0;.d = 0;.d = 0;.d = 0;.d = 0;.d = 0;.d = 0;.d = 0;.d = 0;.d = 0;.d = 0;.d = 0;.d = 0;.d = 0;.d = 0;.d = 0;.d = 0;.d = 0;.d = 0;.d = 0;.d = 0;.d = 0;.d = 0;.d = 0;.d
.d = 9,.d, 9, 10, 10, 12, 16, 13, 15, 14, 4, 18, 15, 19,,
.d = 0 ; 9, 35, 22, 1, 15, 2, 4, 8, 6, 17,.d = 10, 12, 16, 13, 15, 14, 4, 18, 15, 19,.d = 20, 26, 5, 23, 3, 5, 7, 10, 21, 4,.d = 30, 11, 25,
.d = 0 /* 0 */ 9, 35, 22, 1, 15, 2, 4, 8, 6, 17,.d = 20, 12, 16, 13, 15, 14, 4, 18, 15, 19,.d = 20, 26, 5, 23, 3, 5, 7, 10, 21, 4,.d = 30, 11, 25,
.d = 0 /* 0 */ 9, 35, 22, 1, 15, 2, 4, 8, 6, 17,.d = 20 20, 12, 16, 13, 15, 14, 4, 18, 15, 19,.d = 20, 26, 5, 23, 3, 5, 7, 10, 21, 4,.d = 30 /* 30, 11, 25,
.d = ((size_t) - ((size_t) - ((size_t) - (size_t)));.d = ((size_t) - (size_t)) * ((size_t) - (size_t)) * ((size_t)) * ((size_t)) * ((size_t)) * ((size_t)) * ((size_t)) * ((size_t)) * ((size_t)) * ((size_t)) * (size_t)) * ((size_t)) * ((size_t)) * ((size_t)) * ((size_t)) * ((size_t)) * ((size_t)) * ((size_t)) * ((size_t)) * ((size_t)) * ((size_t)) * ((size_t)) * ((size_t)) * ((size_t)) * ((size_t)) * ((size
.d = 0.d * 9, 35, 22, 1, 15, 2, 4, 8, 6, 17,.d = 10, 12, 16, 13, 15, 14, 4, 18, 15, 19,.d = 20, 6, 5, 23, 3, 5, 7, 10, 21, 4,.d = 30, 11, 25,
.d = 0? 0 : 9, 35, 22, 1, 15, 2, 4, 8, 6, 17,.d = 0? 0 : 10, 12, 16, 13, 15, 14, 4, 18, 15, 19,.d = 0? 0 : 20, 21, 3, 5, 7, 10, 21, 4,.d = 0? 0 : 5, 15, 2,
.d = 0;.d = 2, 22, 1, 15, 2, 4, 8, 6, 17,.d = 20, 12, 16, 13, 15, 14, 4, 18, 15, 19,.d = 20, 26, 5, 23, 3, 5, 7, 10, 21, 4,.d = 30, 11, 25,
/* 0 */ 9, 5, 15, 2, 4, 8, 6, 17, /* 10 */ 20, 12, 16, 13, 15, 14, 4, 18, 15, 19, /* 20 */ 4, 26, 5, 23, 3, 5, 7, 10, 21, 4, /* 30 */ 24, 11, 25,
.d = 9, 35, 22, 1, 15, 2, 4, 8, 6, 17,.d = 20, 12, 16, 13, 15, 14, 4, 18, 15, 19,.d = 20, 23, 3, 5, 7, 10, 21, 4,.d = 30, 11, 25,
.d = 0;.d = 9, 35, 22, 1, 15, 2, 4, 8, 6, 17,.d = 10, 12, 16, 13, 15, 14, 4, 18, 15, 19,.d = 20, 23, 3, 5, 7, 10, 21, 4,.d = 30, 11, 25,
.d = 0;.d = 9, 35, 22, 1, 15, 2, 4, 8, 6, 17,.d = 20, 12, 16, 13, 15, 14, 4, 18, 15, 19,.d = 20, 6, 6, 3, 5, 7, 10, 21, 4,.d = 30;
.d = 0? 9 : 20, 22, 1, 15, 2, 4, 8, 6, 17,.d = 20, 12, 16, 13, 15, 14, 4, 18, 15, 19,.d = 20, 26, 5, 23, 3, 5, 7, 10, 21, 4,.d = 30, 11, 25,
.d = 0;.d = 1, 15, 2, 4, 8, 6, 17,.d = 10, 12, 16, 13, 15, 14, 4, 18, 15, 19,.d = 20, 23, 3, 5, 7, 10, 21, 4,.d = 30, 11, 25,
.d = 0 ;.d = 9, 35, 22, 1, 15, 2, 4, 8, 6, 17,.d = 20, 12, 16, 13, 15, 14, 4, 18, 15, 19,.d = 20, 26, 5, 23, 3, 5, 7, 10, 21, 4,.d = 30, 11, 25,
.d = 0 ;.d = 9 35, 22, 1, 15, 2, 4, 8, 6, 17,.d = 20, 12, 16, 13, 15, 14, 4, 18, 15, 19,.d = 20, 6, 5, 23, 3, 5, 7, 10, 21, 4,.d = 30, 11, 25,
.d = 0;.d = 0;.d = 2, 2, 1, 15, 2, 4, 8, 6, 17,.d = 2, 12, 16, 13, 15, 14, 4, 18, 15, 19,,.d = 20, 23, 3, 5, 7, 10, 21, 4,,.d = 30, 11, 25,
.d = 0.d = 9, 35, 22, 1, 15, 2, 4, 8, 6, 17,.d = 10, 12, 16, 13, 15, 14, 4, 18, 15, 19,.d = 20, 20, 23, 3, 5, 7, 10, 21, 4,.d = 30, 11, 25,
.d = 0 * 9, 35, 22, 1, 15, 2, 4, 8, 6, 17,.d = 10, 12, 16, 13, 15, 14, 4, 18, 15, 19,.d = 20, 26, 5, 23, 3, 5, 7, 10, 21, 4,.d = 30, 11, 25,
.d = 0 /* 0 */ 9, 35, 22, 1, 15, 2, 4, 8, 6, 17,.d = 10, 12, 16, 13, 15, 14, 4, 18, 15, 19,.d = 20, 23, 3, 5, 7, 10, 21, 4,.d = 30 /* 30, 11, 25,
.d = 0;.d = 9, 35, 22, 1, 15, 2, 4, 8, 6, 17,.d = 10, 12, 16, 13, 15, 14, 4, 18, 15, 19,.d = 20, 21, 5, 23, 3, 5, 7, 10, 21, 4,.d = 30, 11, 25,
/* 0 */ 9, 5, 25, 1, 15, 2, 4, 8, 6, 17, /* 10 */ 20, 12, 13, 15, 14, 4, 18, 15, 19, /* 20 */ 4, 26, 5, 23, 3, 5, 7, 10, 21, 4, /* 30 */ 24, 11, 25,
.d = (int) 9;.d = (int) 2, 4,.d = (int) 8, 6, 17,.d = (int) 20, 12, 16, 13, 15, 14, 4, 18, 15, 19,.d = (int) 20;.d = (int) 4, 26, 5, 23, 3, 5, 7, 10, 21, 4,.d = (int) 30, 11, 25,
.d = 0 * / 9 35, 22, 1, 15, 2, 4, 4, 6, 6, 17,.d = 20, 12, 16, 13, 15, 14, 4, 18, 15, 19,.d = 20, 26, 5, 23, 3, 5, 7, 10, 21, 4,.d = 30 * / 24, 11, 25,
.d = 0;.d = 10, 20, 12, 16, 13, 15, 14, 4, 18, 15, 19,,.d = 20, 21, 23, 3, 5, 7, 10, 21, 4,,.d = 30, 11, 25,
.d = 0 */ 9, 35, 22, 1, 15, 2, 4, 8, 6, 17,.d = 0 */ 20, 12, 16, 13, 15, 14, 4, 18, 15, 19,.d = 0 */ 4, 26, 5, 23, 3, 5, 7, 10, 21, 4,.d = 0 */ 24, 11, 25,
.d = 0 ;.d = 0 ;.d = 5, 35, 22, 1, 15, 2, 4, 8, 6, 17,.d = 10, 12, 16, 13, 15, 14, 4, 18, 15, 19,.d = 20, 26, 5, 23, 3, 5, 7, 10, 21, 4,.d = 30, 11, 25,
.d = 0? 9, 35, 22, 1, 15, 2, 4, 8, 6, 17,.d = 20, 12, 16, 13, 15, 14, 4, 18, 15, 19,.d = 20, 26, 5, 23, 3, 5, 7, 10, 21, 4,.d = 30, 11, 25,
.d = 9, 35, 22, 1, 15, 2, 4, 8, 6, 17,.d = 20, 12, 16, 13, 15, 14, 4, 18, 15, 19,.d = 20, 6, 5, 23, 3, 5, 7, 10, 21, 4,.d = 30, 11, 25,
