golden:
/*     0 */     5,    6,    1,    2,    9,    1,    2,    1,    2,    1, /*    10 */     2,    1,    2,    1,    2,    2,    3,    2,    9,    8, /*    20 */     0,    3,    1,    7,    2,    0,    0,   10,   11,   11, /*    30 */    11,    8,    8,
inference:
/* 0 */ 5, 6, 2, 8, 9, 1, 2, 1, 2, 1, /* 10 */ 2, 1, 2, 8, 9, 1, 2, 8, 9, 1, /* 20 */ 2, 2, 3, 0, 9, 3, 1, 7, 2, 2, /* 30 */ 0, 10, 0,

/* 0 */ 2, 6, 2, 8, 9, 1, 2, 1, 2, 1, /* 10 */ 2, 1, 2, 8, 9, 1, 2, 8, 9, 1, /* 20 */ 2, 2, 3, 0, 9, 3, 1, 7, 2, 2, /* 30 */ 0, 10, 0,
/* 0 */ 5, 6, 2, 8, 9, 1, 2, 1, 2, 1, /* 10 */ 2, 1, 2, 8, 9, 1, /* 20 */ 2, 2, 3, 0, 9, 3, 1, 7, 2, 2, /* 30 */ 0, 10, 0,
/* 0 */ 0, 6, 2, 8, 9, 1, 2, 1, 2, 1, /* 10 */ 2, 1, 2, 8, 9, 1, 2, 8, 9, 1, /* 20 */ 2, 2, 3, 0, 9, 3, 1, 7, 2, 2, /* 30 */ 0, 10, 0,
/* 0 */ 3, 6, 2, 8, 9, 1, 2, 1, 2, 1, /* 10 */ 2, 1, 2, 8, 9, 1, 2, 8, 9, 1, /* 20 */ 2, 2, 3, 0, 9, 3, 1, 7, 2, 2, /* 30 */ 0, 10, 0,
/* 0 */ 1, 6, 2, 8, 9, 1, 2, 1, 2, 1, /* 10 */ 2, 1, 2, 8, 9, 1, 2, 8, 9, 1, /* 20 */ 2, 2, 3, 0, 9, 3, 1, 7, 2, 2, /* 30 */ 0, 10, 0,
/* 0 */ 6, 6, 2, 8, 9, 1, 2, 1, 2, 1, /* 10 */ 2, 1, 2, 8, 9, 1, 2, 8, 9, 1, /* 20 */ 2, 2, 3, 0, 9, 3, 1, 7, 2, 2, /* 30 */ 0, 10, 0,
/* 0 */ 5, 6, 2, 8, 9, 1, 2, 1, 2, 1, /* 10 */ 2, 1, 2, 8, 9, 1, 2, 8, 9, 1, /* 20 */ 2, 2, 3, 0, 9, 3, 1, 7, 2, 2, /* 30 */ 0, 11, 0,
/* 0 */ 5, 6, 2, 8, 9, 1, 2, 1, 2, 1, /* 10 */ 2, 1, 2, 8, 9, 1, 2, 8, 9, 1, /* 20 */ 2, 3, 0, 9, 3, 1, 7, 2, 2, /* 30 */ 0, 10, 0,
.d = 5, 6, 2, 8, 9, 1, 2, 1, 2, 1,.d = 2, 1, 2, 8, 9, 1, 2, 8, 9, 1,.d = 20, 2, 3, 0, 9, 3, 1, 7, 2, 2,.d = 30, 10, 0,
/* 0*/ 5, 6, 2, 8, 9, 1, 2, 1, 2, 1, /* 10*/ 2, 1, 2, 8, 9, 1, /* 20*/ 2, 2, 3, 0, 9, 3, 1, 7, 2, 2, /* 30*/ 0, 10, 0,
/* 0 */ 5, 6, 2, 8, 9, 1, 1, 2, 1, /* 10 */ 2, 1, 2, 8, 9, 1, /* 20 */ 2, 2, 3, 0, 9, 3, 1, 7, 2, 2, /* 30 */ 0, 10, 0,
/* 0 */ 5, 6, 2, 8, 9, 1, 2, 1, 2, 1, /* 10 */ 2, 1, 2, 8, 9, 1, 2, 8, 9, 1, /* 20 */ 2, 2, 3, 0, 9, 3, 1, 7, 2, 2,
/* 0 */ 4, 6, 2, 8, 9, 1, 2, 1, 2, 1, /* 10 */ 2, 1, 2, 8, 9, 1, 2, 8, 9, 1, /* 20 */ 2, 2, 3, 0, 9, 3, 1, 7, 2, 2, /* 30 */ 0, 10, 0,
/* 0 **/ 5, 6, 2, 8, 9, 1, 2, 1, 2, 1, /* 10 */ 2, 1, 2, 8, 9, 1, 2, 8, 9, 1, /* 20 */ 2, 2, 3, 0, 9, 3, 1, 7, 2, 2, /* 30 */ 0, 10, 0,
.d = 5, 6, 2, 8, 9, 1, 2, 1, 2, 1,.d = 1, 2, 8, 9, 1, 2, 8, 9, 1,.d = 20, 2, 3, 0, 9, 3, 1, 7, 2, 2,.d = 30, 10, 0,
/* 0 */ 6, 2, 8, 9, 1, 2, 1, 2, 1, /* 10 */ 2, 1, 2, 8, 9, 1, 2, 8, 9, 1, /* 20 */ 2, 2, 3, 0, 9, 3, 1, 7, 2, 2, /* 30 */ 0, 10, 0,
/* 0 */ 5, 6, 2, 8, 9, 1, 2, 1, 2, 1, /* 10, */ 2, 1, 2, 8, 9, 1, 2, 8, 9, 1, /* 20 */ 2, 2, 3, 0, 9, 3, 1, 7, 2, 2, /* 30 */ 0, 10, 0,
/* 0 */ 5, 6, 2, 8, 9, 1, 2, 1, 2, 1, /* 10 */ 2, 1, 2, 8, 9, 1, 2, 8, 9, 1, /* 20 */ 2, 2, 3, 0, 9, 3, 1, 7, 2, 2, /* 30 */ 0, 9, 0,
/* 0 */ 5, 6, 2, 8, 9, 1, 2, 1, 2, 1, /* 10 */ 1, 2, 8, 9, 1, 2, 8, 9, 1, /* 20 */ 2, 2, 3, 0, 9, 3, 1, 7, 2, 2, /* 30 */ 0, 10, 0,
/* 0 */ 5, 6, 2, 8, 9, 1, 2, 1, 2, 1, /* 10 */ 2, 2, 8, 9, 1, 2, 8, 9, 1, /* 20 */ 2, 2, 3, 0, 9, 3, 1, 7, 2, 2, /* 30 */ 0, 10, 0,
/* 0 */ 5, 6, 2, 8, 9, 1, 2, 1, 2, 1, /* 10 */ 2, 1, 2, 8, 9, 1, 2, 8, 9, 1, /* 20 */ 2, 2, 3, 0, 9, 3, 1, 7, 2, 2, /* 30 */ 1, 10, 0,
/* 0 */ 5, 6, 2, 8, 9, 1, 2, 1, 2, 1, /* 10 */ 2, 1, 2, 8, 9, 1, 2, 8, 9, 1, /* 20 */ 2, 2, 3, 0, 9, 3, 1, 7, 2, 2, /* 30 */ 0, 5, 0,
/* 0 */ 5, 6, 2, 8, 9, 1, 2, 1, 2, 1, /* 10 */ 2, 1, 2, 8, 9, 1, 2, 8, 9, 1, /* 20 */ 2, 2, 3, 0, 9, 3, 1, 7, 2, 2, /* 30 */ 0, 10,
/* 0 */5, 6, 2, 8, 9, 1, 2, 1, 2, 1, /* 10 */ 2, 1, 2, 8, 9, 1, 2, 8, 9, 1, /* 20 */ 2, 2, 3, 0, 9, 3, 1, 7, 2, 2, /* 30 */ 0, 10, 0,
/* 0 */ 5, 6, 2, 4, 9, 1, 2, 1, 2, 1, /* 10 */ 2, 1, 2, 8, 9, 1, 2, 8, 9, 1, /* 20 */ 2, 2, 3, 0, 9, 3, 1, 7, 2, 2, /* 30 */ 0, 10, 0,
/* 0 */ 5, 6, 2, 8, 9, 1, 2, 1, 2, 1, /* 10 */ 2, 1, 2, 8, 9, 1, 2, 8, 9, 1, /* 20 */ 2, 2, 3, 0, 9, 3, 1, 7, 2, 2, /* 30 */ 10, 0,
/* 0 */ 5, 6, 2, 8, 9, 1, 2, 1, 2, 1, /* 10 */ 2, 1, 2, 8, 9, 1, 2, 8, 9, 1, /* 20 */ 2, 2, 3, 0, 9, 3, 1, 7, 2, 2, /* 30 */ 0, 10, 1,
/* 0 */ 5, 6, 2, 8, 9, 1, 2, 1, 2, 2, /* 10 */ 2, 1, 2, 8, 9, 1, 2, 8, 9, 1, /* 20 */ 2, 2, 3, 0, 9, 3, 1, 7, 2, 2, /* 30 */ 0, 10, 0,
/* 0 */ 5, 6, 2, 8, 9, 1, 2, 1, 2, 1, /* 10 */ 2, 1, 2, 8, 9, 1, 2, 8, 9, 1, /* 20 */ 2, 2, 3, 0, 9, 3, 1, 7, 2, 2, /* 30 */ 0, 20, 0,
.. 5, 6, 2, 8, 9, 1, 2, 1, 2, 1,.. 2, 1, 2, 8, 9, 1, 2, 8, 9, 1,.. 20, 2, 3, 0, 9, 3, 1, 7, 2, 2,.. 30, 10, 0,
/* 0 */ 5, 6, 2, 8, 9, 1, 2, 1, 2, 1, /* 10 */ 2, 1, 2, 8, 9, 1, 2, 8, 9,1, /* 20 */ 2, 2, 3, 0, 9, 3, 1, 7, 2, 2, /* 30 */ 0, 10, 0,
/* 0 */ 5, 6, 2, 8, 9, 1, 2, 2, 1, /* 10 */ 2, 1, 2, 8, 9, 1, /* 20 */ 2, 2, 3, 0, 9, 3, 1, 7, 2, 2, /* 30 */ 0, 10, 0,
/* 0 */ 5, 6, 2, 8, 9, 1, 2, 1, 2, 1, /* 10 */ 2, 1, 2, 8, 9, 1, 2, 8, 9, 1, /* 20 */ 2, 2, 3, 0, 9, 3, 1, 1, 2, 2, /* 30 */ 0, 10, 0,
/* 0 */ 5, 6, 2, 8, 9, 1, 2, 1, 2, 1, /* 10 */ 2, 1, 2, 8, 9, 1, 2, 8, 9, 1, /* 20 */ 2, 2, 3, 0, 9, 3, 1, 7, 2, 2, /* 30 */ 2, 10, 0,
/* 0 */ 5, 6, 2, 8, 9, 1, 2, 1, 2, 1, /* 10 */ 2, 1, 2, 8, 9, 1, 2, 8, 9, 1, /* 20 */ 2, 2, 3, 0, 9, 3, 1, 7, 2, 2, /* 30, 10, 0,
/* 0 */ 5, 6, 2, 8, 9, 1, 2, 1, 2, 1, /*10 */ 2, 1, 2, 8, 9, 1, /* 20 */ 2, 2, 3, 0, 9, 3, 1, 7, 2, 2, /* 30 */ 0, 10, 0,
/* 0 */ 5, 6, 2, 8, 9, 1, 2, 1, 2, 1, /* 10 */ 2, 1, 2, 8, 9, 1, 2, 8, 9, 1, /* 20 */ 2, 2, 3, 0, 9, 3, 1, 7, 2, 2, /* 30 */ 0, 10 0,
/* 0 */ 5, 6, 2, 8, 9, 1, 2, 1, 2, 1, /* 10 */ 2, 1, 2, 8, 9, 1, 2, 8, 9, 1, /* 20 */ 2, 2, 3, 0, 9, 3, 1, 6, 2, 2, /* 30 */ 0, 10, 0,
/* 0 */ 5, 6, 2, 8, 9, 1, 2, 1, 2, 1, /* 10 */ 2, 1, 2, 8, 9, 1, 2, 8, 9, 1, /* 20, */ 2, 2, 3, 0, 9, 3, 1, 7, 2, 2, /* 30 */ 0, 10, 0,
/* 0 */ 5, 6, 2, 8, 9, 1, 2, 1, 2, 1, /* 10 */ 2, 1, 2, 8, 9, 1, 2, 8, 9, 1, /* 20 */ 2, 2, 3, 0, 9, 3, 1, 7, 2, 2, /* 30 */ 0, 8, 0,
/* 0 */ 5, 6, 2, 8, 9, 1, 2, 1, 2, 1,
/* 0 */ 2, 6, 2, 8, 9, 1, 2, 1, 2, 1, /* 10 */ 2, 1, 2, 8, 9, 1, /* 20 */ 2, 2, 3, 0, 9, 3, 1, 7, 2, 2, /* 30 */ 0, 10, 0,
/* 0, 5, 6, 2, 8, 9, 1, 2, 1, 2, 1, /* 10 */ 2, 1, 2, 8, 9, 1, 2, 8, 9, 1, /* 20 */ 2, 2, 3, 0, 9, 3, 1, 7, 2, 2, /* 30 */ 0, 10, 0,
/* 0 */ 5, 6, 2, 8, 9, 1, 2, 1, 2, 1, /* 10 */ 2, 1, 2, 8, 9, 1,2, 8, 9, 1, /* 20 */ 2, 2, 3, 0, 9, 3, 1, 7, 2, 2, /* 30 */ 0, 10, 0,
/* 0 */ 5, 6, 2, 8, 9, 1, 2, 1, 2, 1, /* 10 */ 2, 1, 2, 8, 9, 1, 2, 8, 9, 1, /* 20 */ 2, 2, 3, 0, 9 3, 1, 7, 2, 2, /* 30 */ 0, 10, 0,
/* 0 */ 5, 6, 2, 8, 9, 1, 2, 1, 2, 1, /* 10 */ 2, 1, 2, 8, 9, 1, 2, 8, 9, 1, /* 20 */ 2, 2, 3, 0, 9, 3, 1, 7, 2, 2, /* 30 */ 0, 12, 0,
/* 0 */ 5, 6, 2, 8, 9, 1, 2, 1, 2, /* 10 */ 2, 1, 2, 8, 9, 1, 2, 8, 9, 1, /* 20 */ 2, 2, 3, 0, 9, 3, 1, 7, 2, 2, /* 30 */ 0, 10, 0,
/* 0 */ 5, 6, 2, 8, 10, 1, 2, 1, 2, 1, /* 10 */ 2, 1, 2, 8, 9, 1, 2, 8, 9, 1, /* 20 */ 2, 2, 3, 0, 9, 3, 1, 7, 2, 2, /* 30 */ 0, 10, 0,
.d = 5, 6, 2, 8, 9, 1, 2, 1, 2, 1,.d = 2, 1, 2, 8, 9, 1, 2, 8, 9, 1,.d = 2, 2, 3, 0, 9, 3, 1, 7, 2, 2,.d = 0, 10, 0,
/* 0 */ 5, 6, 2, 8, 9, 1, 2, 1, 2, 1, /* 10 */ 2, 1, 2, 8, 9, 1, 2, 8, 9, 1, /* 20 */ 2, 2, 3, 0, 9, 3, 1, 7, 2, 2, /* 30, 0,
.d = 0;
/* 0 */ 5, 6, 2, 8, 9, 1, 2, 1, 2, 1, /* 10 */ 2, 1, 2, 8, 9, 1, 2, 8, 9, 1, /* 20 */ 2, 2, 3, 0, 9, 3, 1, 7, 2, 2, 0, 10, 0,
.* 0 */ 5, 6, 2, 8, 9, 1, 2, 1, 2, 1,.* 10 */ 2, 1, 2, 8, 9, 1,.* 20 */ 2, 2, 3, 0, 9, 3, 1, 7, 2, 2,.* 30 */ 0, 10, 0,
/* 0 */ 7, 6, 2, 8, 9, 1, 2, 1, 2, 1, /* 10 */ 2, 1, 2, 8, 9, 1, 2, 8, 9, 1, /* 20 */ 2, 2, 3, 0, 9, 3, 1, 7, 2, 2, /* 30 */ 0, 10, 0,
/* 0 */ 5, 6, 2, 6, 9, 1, 2, 1, 2, 1, /* 10 */ 2, 1, 2, 8, 9, 1, 2, 8, 9, 1, /* 20 */ 2, 2, 3, 0, 9, 3, 1, 7, 2, 2, /* 30 */ 0, 10, 0,
/* 0 */ 5, 6, 2, 8, 9, 1, 2, 1, 2, 1, /* 10 */ 2, 1, 2, 8, 9, 1, 2, 4, 9, 1, /* 20 */ 2, 2, 3, 0, 9, 3, 1, 7, 2, 2, /* 30 */ 0, 10, 0,
.d = 5, 6, 2, 8, 9, 1, 2, 1, 2, 1,.d = 2, 1, 2, 8, 9, 1, 2, 8, 9, 1,.d = 2, 2, 3, 0, 9, 3, 1, 7, 2, 2,.d = 10, 0,
/* 0 */ 5, 6, 2, 8, 9, 1, 2, 1, 2, 1, /* 10 */ 2, 1, 2, 8, 9, 1, 2, 8, 9, 1, /* 20 */ 2, 2, 3, 0, 9, 3, 1, 7, 2, 2, /* 30 */ 3, 10, 0,
/* 0 */ 5, 6, 2, 8, 9, 2, 1, 2, 1, /* 10 */ 2, 1, 2, 8, 9, 1, /* 20 */ 2, 2, 3, 0, 9, 3, 1, 7, 2, 2, /* 30 */ 0, 10, 0,
/* 0 */ 5, 6, 2, 8, 9, 1, 2, 1, 2, 1, /* 10 */ 2, 1, 2, 8, 9, 1, 2, 8, 9, 1, /* 20 */ 2, 2, 3, 0, 9, 3, 1, 2, 2, /* 30 */ 0, 10, 0,
/* 0 */ 5, 6, 2, 8, 9, 1, 2, 1, 2, 1, /* 10 */ 2, 1, 2, 8, 9, 1, 2, 8, 9, 1, /* 20 */ 2, 2, 3, 0, 9, 3, 1, 7, 2, 2, /* 30 */ 0, 6, 0,
/* 0 */ 5, 6, 2, 8, 9 1, 2, 1, 2, 1, /* 10 */ 2, 1, 2, 8, 9, 1, 2, 8, 9, 1, /* 20 */ 2, 2, 3, 0, 9, 3, 1, 7, 2, 2, /* 30 */ 0, 10, 0,
/* 0 */ 5, 6, 2, 8, 9, 1, 2, 1, 2, 1, /* 10 */ 3, 1, 2, 8, 9, 1, /* 20 */ 2, 2, 3, 0, 9, 3, 1, 7, 2, 2, /* 30 */ 0, 10, 0,
/* 0 */ 5, 6, 2, 8, 9, 1, 2, 1, 2, 1, /* 10 */ 2, 1, 2, 8, 9, 1, 2, 8, 9, 2, /* 20 */ 2, 2, 3, 0, 9, 3, 1, 7, 2, 2, /* 30 */ 0, 10, 0,
/* 0 */ 5, 6, 2, 2, 9, 1, 2, 1, 2, 1, /* 10 */ 2, 1, 2, 8, 9, 1, 2, 8, 9, 1, /* 20 */ 2, 2, 3, 0, 9, 3, 1, 7, 2, 2, /* 30 */ 0, 10, 0,
.d = 5, 6, 2, 8, 9, 1, 2, 1, 2, 1,.d = 2, 1, 2, 8, 9, 1, 2, 8, 9, 1,.d = 2, 2, 3, 0, 9, 3, 1, 7, 2, 2,.d = 30, 10, 0,
/* 0 */ 5, 6, 2, 8, 9, 1, 2, 1, 2, 1, /* 10 */ 2, 1, 2, 8, 9, 1, 2, 8, 9, 1, /* 20 */ 2, 2, 3, 0, 9, 3, 1, 7, 2, 2,.* 30 */ 0, 10, 0,
/* 0 */ 5, 6, 2, 8, 9, 1, 2, 1, 2, 0, /* 10 */ 2, 1, 2, 8, 9, 1, 2, 8, 9, 1, /* 20 */ 2, 2, 3, 0, 9, 3, 1, 7, 2, 2, /* 30 */ 0, 10, 0,
/* 0 */ 5, 6, 2, 8, 9, 1, 2, 1, 2, 1, /* 10 */ 2, 1, 2, 8, 9, 1, 2, 8, 9, 0, /* 20 */ 2, 2, 3, 0, 9, 3, 1, 7, 2, 2, /* 30 */ 0, 10, 0,
/* 0 */ 2, 1, 2, 8, 9, 1, 2, 8, 9, 1, /* 20 */ 2, 2, 3, 0, 9, 3, 1, 7, 2, 2, /* 30 */ 0, 10, 0,
/* 0 */ 5, 6, 2, 8, 9, 1, 2, 1, 2, 1, /* 10 */ 2, 1, 2, 8,9 1, 2, 8, 9, 1, /* 20 */ 2, 2, 3, 0, 9, 3, 1, 7, 2, 2, /* 30 */ 0, 10, 0,
/* 5 */ 5, 6, 2, 8, 9, 1, 2, 1, 2, 1, /* 10 */ 2, 1, 2, 8, 9, 1, 2, 8, 9, 1, /* 20 */ 2, 2, 3, 0, 9, 3, 1, 7, 2, 2, /* 30 */ 0, 10, 0,
/* 0 */ 5, 6, 2, 8, 9, 1, 2, 1, 2, 1, /* 10 */ 2, 1, 2, 8, 9, 1, 2, 8, 9, 1, /* 20 */ 2, 2, 3, 0, 9, 3, 1, 7 2, 2, /* 30 */ 0, 10, 0,
/* 0 */ 5, 6, 2, 8, 9, 1, 2, 1, 2, 1, /* 10 */ 2, 1, 2, 8, 9, 1, 2, 8, 9, 1, /* 20 */ 2, 2, 3, 0, 9, 3, 1, 5, 2, 2, /* 30 */ 0, 10, 0,
/* 0 */ 5, 6, 2, 8, 9, 1, 2, 1, 2, 1, /* 10 */ 2, 1, 2, 8, 9, 1, 2, 8, 9, 1, /* 20 */ 2, 2, 3, 0, 8, 3, 1, 7, 2, 2, /* 30 */ 0, 10, 0,
/* 0 */ 5, 6, 2, 8, 9, 1, 2, 1, 2, 1, /* 10 */ 2, 1, 1, 2, 8, 9, 1, /* 20 */ 2, 2, 3, 0, 9, 3, 1, 7, 2, 2, /* 30 */ 0, 10, 0,
/* 0*/ 5, 6, 2, 8, 9, 1, 2, 1, 2, 1, /* 10*/ 2, 1, 2, 8, 9, 1, 2, 8, 9, 1, /* 20*/ 2, 2, 3, 0, 9, 3, 1, 7, 2, 2, /* 30*/ 0, 10, 0,
/* 0 */ 5, 6, 2, 8, 9, 1, 2, 1, 2, 1, /* 10 */ 2, 1, 2, 8, 9, 1, 2, 6, 9, 1, /* 20 */ 2, 2, 3, 0, 9, 3, 1, 7, 2, 2, /* 30 */ 0, 10, 0,
/* 0 */ 5, 6, 2, 8, 9, 1, 2, 1, 2, 1, /* 10 */ 2, 1, 2, 8, 9, 1, 2, 8, 9, 1, /* 20 */ 2, 2, 3, 0, 9, 3, 1, 8, 2, 2, /* 30 */ 0, 10, 0,
/* 0 */ 5, 2, 2, 8, 9, 1, 2, 1, 2, 1, /* 10 */ 2, 1, 2, 8, 9, 1, 2, 8, 9, 1, /* 20 */ 2, 2, 3, 0, 9, 3, 1, 7, 2, 2, /* 30 */ 0, 10, 0,
.d = 0
/* 0 */ 5, 6, 2, 8, 9, 1, 2, 1, 2, 1, /* 10 */ 2, 1, 2, 8, 9, 1, 2, 8, 9, 1, /* 20 */ 2, 2, 3, 0, 9, 3, 1, 7, 2, 2, /* 30 */ 0, 1, 0,
/* 0 */ 5 6, 2, 8, 9, 1, 2, 1, 2, 1, /* 10 */ 2, 1, 2, 8, 9, 1, 2, 8, 9, 1, /* 20 */ 2, 2, 3, 0, 9, 3, 1, 7, 2, 2, /* 30 */ 0, 10, 0,
/* 0 */ 5, 6, 2, 8, 9, 1, 2, 1, 2, 1, /* 10 */ 2, 1, 2, 8, 9, 1, 2, 8, 9, 1, /* 20 */ 2, 2, 3, 0, 9, 3, 1, 7, 2, 2, /* 30 */ 0, 15, 0,
/* 0 */ 5, 6, 2, 8, 9, 1, 2, 1, 2, 1, /* 10 */ 2, 1, 2, 8, 9, 1, 2, 8, 9,, /* 20 */ 2, 2, 3, 0, 9, 3, 1, 7, 2, 2, /* 30 */ 0, 10, 0,
.d = 5, 6, 2, 8, 9, 1, 2, 1, 2, 1,.d = 2, 1, 2, 8, 9, 1, 2, 8, 9, 1,.d = 20, 3, 0, 9, 3, 1, 7, 2, 2,.d = 30, 10, 0,
.. 5, 6, 2, 8, 9, 1, 2, 1, 2, 1,.. 2, 1, 2, 8, 9, 1, 2, 8, 9, 1,.. 20 2, 2, 3, 0, 9, 3, 1, 7, 2, 2,.. 30, 10, 0,
/* 0 */ 15, 6, 2, 8, 9, 1, 2, 1, 2, 1, /* 10 */ 2, 1, 2, 8, 9, 1, 2, 8, 9, 1, /* 20 */ 2, 2, 3, 0, 9, 3, 1, 7, 2, 2, /* 30 */ 0, 10, 0,
/* 0 */ 5, 6, 2, 8, 9, 1, 2, 1, 2, 1, /* 10 */ 2, 1, 2, 8, 9, 1, 2, 8, 9, 1, /* 20 */ 2, 2, 3, 3, 9, 3, 1, 7, 2, 2, /* 30 */ 0, 10, 0,
/* 0 */ 5, 6, 1, 2, 1, 2, 1, /* 10 */ 2, 1, 2, 8, 9, 1, 2, 8, 9, 1, /* 20 */ 2, 2, 3, 0, 9, 3, 1, 7, 2, 2, /* 30 */ 0, 10, 0,
/* 0 */ 5, 6, 2, 8, 9, 1, 2, 1, 2, 1,.* 10 */ 2, 1, 2, 8, 9, 1,.* 20 */ 2, 2, 3, 0, 9, 3, 1, 7, 2, 2,.* 30 */ 0, 10, 0,
/* 0 */ 5, 6, 2, 8, 9, 1, 2, 1,2, 1, /* 10 */ 2, 1, 2, 8, 9, 1, 2, 8, 9, 1, /* 20 */ 2, 2, 3, 0, 9, 3, 1, 7, 2, 2, /* 30 */ 0, 10, 0,
/* 0 */ 5, 6, 2, 8, 9, 1, 2, 1, /* 10 */ 2, 1, 2, 8, 9, 1, /* 20 */ 2, 2, 3, 0, 9, 3, 1, 7, 2, 2, /* 30 */ 0, 10, 0,
/* 0 */ 5, 6, 2, 8, 9, 1, 2, 1, 2, 1, /* 10 */ 2, 1, 2, 8, 9, 1, 2, 8, 9, 1, /* 20 */ 2, 2, 3, 0, 9, 3, 1, 7, 2, 2, /* 30 */ 0, 10, 3,
.d = 0.d = 5, 6, 2, 8, 9, 1, 2, 1, 2, 1,.d = 1, 2, 8, 9, 1, 2, 8, 9, 1,.d = 20, 2, 3, 0, 9, 3, 1, 7, 2, 2,.d = 30, 10, 0,
/* 0 */ 5, 6, 2, 8, 9, 1,2, 1, 2, 1, /* 10 */ 2, 1, 2, 8, 9, 1, 2, 8, 9, 1, /* 20 */ 2, 2, 3, 0, 9, 3, 1, 7, 2, 2, /* 30 */ 0, 10, 0,
/* 0 */ 5, 6, 2, 8, 9, 2, 1, 2, 1, /* 10 */ 2, 1, 2, 8, 9, 1, 2, 8, 9, 1, /* 20 */ 2, 2, 3, 0, 9, 3, 1, 7, 2, 2, /* 30 */ 0, 10, 0,
/* 0 */ 5, 6, 2, 8, 9, 1, 2, 1, 2, 1, /* 10 */ 2, 1, 3, 8, 9, 1, 2, 8, 9, 1, /* 20 */ 2, 2, 3, 0, 9, 3, 1, 7, 2, 2, /* 30 */ 0, 10, 0,
/* 0 */ 5, 6, 2, 8, 9, 1, 2, 1, 2, 1, /* 10 */ 2, 1, 2, 8, 9, 1, 2, 8, 9, 1, /* 20 */ 2, 2, 3, 0, 9, 3, 1, 7, 2, 2, /* 30 */ 0, 10, 2,
/* 0 */ 5, 6, 2, 9, 1, 2, 1, 2, 1, /* 10 */ 2, 1, 2, 8, 9, 1, 2, 8, 9, 1, /* 20 */ 2, 2, 3, 0, 9, 3, 1, 7, 2, 2, /* 30 */ 0, 10, 0,
.d = 5, 6, 2, 8, 9, 1, 2, 1, 2, 1,.d = 2, 1, 2, 8, 9, 1, 2, 8, 9, 1,.d = 20, 2, 3, 0, 9, 3, 1, 7, 2, 2,.d = 30, 0,
/* 0 = 5, 6, 2, 8, 9, 1, 2, 1, 2, 1, /* 10 = 2, 1, 2, 8, 9, 1, /* 20 = 2, 2, 3, 0, 9, 3, 1, 7, 2, 2, /* 30 = 0, 10, 0,
/* 0 */ 5, 6, 2, 8, 9, 1, 2, 1, 2, 1, /* 10 */ 2, 1, 2, 8, 9, 1, 2, 8, 9, 1, /* 20 */ 2, 1, 3, 0, 9, 3, 1, 7, 2, 2, /* 30 */ 0, 10, 0,
/* 0 */ 5,6, 2, 8, 9, 1, 2, 1, 2, 1, /* 10 */ 2, 1, 2, 8, 9, 1, 2, 8, 9, 1, /* 20 */ 2, 2, 3, 0, 9, 3, 1, 7, 2, 2, /* 30 */ 0, 10, 0,
/* 0 */ 5, 6, 2, 8, 9, 1, 2, 1, 2, 1, /* 10 */ 2, 1, 2, 8, 9, 1, 2, 8, 9, 1, /* 20 */ 2, 2, 0, 9, 3, 1, 7, 2, 2, /* 30 */ 0, 10, 0,
/* 0 */ 5, 6, 2, 8, 9, 1, 2, 1, 2, /* 10 */ 2, 1, 2, 8, 9, 1, /* 20 */ 2, 2, 3, 0, 9, 3, 1, 7, 2, 2, /* 30 */ 0, 10, 0,
/* 0 */ 5, 6, 2, 8, 9, 0, 2, 1, 2, 1, /* 10 */ 2, 1, 2, 8, 9, 1, 2, 8, 9, 1, /* 20 */ 2, 2, 3, 0, 9, 3, 1, 7, 2, 2, /* 30 */ 0, 10, 0,
.d = 0;.d = 0;
/* 0 */ 5, 6, 2, 8, 9, 1, 2, 1, 2, 1, /* 10 */ 2, 1, 2, 8, 9, 1, 2, 9, 1, /* 20 */ 2, 2, 3, 0, 9, 3, 1, 7, 2, 2, /* 30 */ 0, 10, 0,
.d = 5, 6, 2, 8, 9, 1, 2, 1, 2, 1,.d = 1, 2, 8, 9, 1, 2, 8, 9, 1,.d = 20, 3, 0, 9, 3, 1, 7, 2, 2,.d = 30, 10, 0,
/* 0 */ 5, 6, 2, 8, 9, 1, 2, 1, 2, 1, /* 10 */ 2, 1, 2, 8, 9, 1, 3, 0, 9, 3, 1, 7, 2, 2, /* 30 */ 0, 10, 0,
.d = 5, 6, 2, 8, 9, 1, 2, 1, 2, 1,.d = 1, 2, 8, 9, 1, 2, 8, 9, 1,.d = 20, 2, 3, 0, 9, 3, 1, 7, 2, 2,.d = 10, 0,
.d = 0;.d = 5, 6, 2, 8, 9, 1, 2, 1, 2, 1,.d = 1, 2, 8, 9, 1, 2, 8, 9, 1,.d = 20, 2, 3, 0, 9, 3, 1, 7, 2, 2,.d = 30, 10, 0,
/* 0, 6, 2, 8, 9, 1, 2, 1, 2, 1, /* 10 */ 2, 1, 2, 8, 9, 1, 2, 8, 9, 1, /* 20 */ 2, 2, 3, 0, 9, 3, 1, 7, 2, 2, /* 30 */ 0, 10, 0,
/* 0 */ 5, 6, 2, 8, 9, 1, 2, 1, 2, 1, /* 10 */ 2, 1, 2, 8, 9, 1,, /* 20 */ 2, 2, 3, 0, 9, 3, 1, 7, 2, 2, /* 30 */ 0, 10, 0,
/* 0 */ 5, 6, 2, 8, 9, 1, 2, 1, 2, 1, /* 10 */ 2, 1, 2, 8, 9, 1, 2, 8, 9, 1, /* 20 */ 2, 2, 3, 0, 9, 3, 1, 7, 2, 2, /* 30 */ 0, 9,
/* 0 */ 2, 2, 2, 8, 9, 1, 2, 1, 2, 1, /* 10 */ 2, 1, 2, 8, 9, 1, 2, 8, 9, 1, /* 20 */ 2, 2, 3, 0, 9, 3, 1, 7, 2, 2, /* 30 */ 0, 10, 0,
/* 0 */ 5, 6, 2, 8, 9, 1, 2, 1, 2, 1, /* 10 */ 2, 1, 2, 8, 9, 1, 2, 8, 9, 1, /* 20 */ 3, 0, 9, 3, 1, 7, 2, 2, /* 30 */ 0, 10, 0,
/* 0 */ 5, 6, 2, 8, 9, 1, 2, 1, 2, 1, /* 10 */ 2, 1, 2, 8, 9, 1, 2, 8, 9, 1, /* 20 */ 2, 2, 3, 0, 9, 3, 1, 7, 2, 2, /* 30 */ 0, 7, 0,
/* 0 */ 5, 6, 2, 8, 9, 1, 2, 1, 2, 1, /* 10 */ 2, 1, 2, 8, 9, 1, 2, 8, 9, 1, /* 20 */ 2, 2, 3, 1, 9, 3, 1, 7, 2, 2, /* 30 */ 0, 10, 0,
/* 0 */ 5, 6, 2, 8, 9, 1, 2, 2, 1, 1, /* 10 */ 2, 1, 2, 8, 9, 1, 2, 8, 9, 1, /* 20 */ 2, 2, 3, 0, 9, 3, 1, 7, 2, 2, /* 30 */ 0, 10, 0,
/* 0 */ 5, 6, 2, 8, 9, 1, 2, 1, 2, 1, /* 10 */ 2, 1, 2, 8, 9, 1, 2, 8, 9, 1, /* 20 */ 2, 2, 3, 9, 3, 1, 7, 2, 2, /* 30 */ 0, 10, 0,
/* 0 */ 5, 6, 2, 8, 9, 1, 2, 1, 2, 1, /* 10 */ 2, 1, 2, 8, 9 1, 2, 8, 9, 1, /* 20 */ 2, 2, 3, 0, 9, 3, 1, 7, 2, 2, /* 30 */ 0, 10, 0,
/* 0 */ 5, 6, 2, 8, 9, 1, 2, 1, 2, 1, /* 10 */ 2, 1, 2, 8, 9, 1, 2, 8, 9, 1, /* 20 */ 2, 2, 3, 0, 9, 3, 1, 3, 2, 2, /* 30 */ 0, 10, 0,
/* 0 */ 5, 6, 2, 8, 9, 1, 2, 1, 2, 1, /* 10 */ 2, 1, 2, 8, 9, 1, 2, 8 9, 1, /* 20 */ 2, 2, 3, 0, 9, 3, 1, 7, 2, 2, /* 30 */ 0, 10, 0,
/* 10 */ 2, 1, 2, 8, 9, 1, 2, 8, 9, 1, /* 20 */ 2, 2, 3, 0, 9, 3, 1, 7, 2, 2, /* 30 */ 0, 10, 0,
/* 0 */ 5, 6, 2, 8, 9, 1, 2, 1, 2, 1, /* 10 */ 2, 1, 2, 8, 9, 1, 2, 8, 9, 1, /* 20 */ 2, 2, 3, 0, 9, 1, 7, 2, 2, /* 30 */ 0, 10, 0,
/* 0 */ 5, 6, 2, 8, 9, 1, 2, 1, 2, 1, /* 10 */ 2, 1, 2, 8, 9, 1, 2, 8, 9, 1, /* 20 */ 2, 2, 3, 0, 9,3, 1, 7, 2, 2, /* 30 */ 0, 10, 0,
/* 0 */ 5, 6, 2, 8, 9, 1, 2, 1, 3, 1, /* 10 */ 2, 1, 2, 8, 9, 1, 2, 8, 9, 1, /* 20 */ 2, 2, 3, 0, 9, 3, 1, 7, 2, 2, /* 30 */ 0, 10, 0,
.d = 5, 6, 2, 8, 9, 1, 2, 1, 2, 1,.d = 2, 1, 2, 8, 9, 1, 2, 8, 9, 1,.d = 20, 2, 3, 0, 9, 3, 1, 7, 2, 2,.d = 30,
/* 0 */ 5, 6, 2, 8, 9, 1, 2, 1, 2, 1, /* 10 */ 2, 1, 2, 8, 9, 1, 2, 8, 9, 1, /* 20 */ 2, 2, 3, 0, 9, 3, 1, 7, 2, 2, /* 31 */ 0, 10, 0,
/* 0 */ 5, 6, 2, 8, 9, 1, 2, 1, 2, 1, /* 10 */ 2, 1, 2, 8, 9, 1, 2, 8, 9, 1, /* 20 */ 2, 2, 3, 0, 9, 3, 1, 7, 2, 2, /* 30 */ 5, 10, 0,
.d = 0.d = 5, 6, 2, 8, 9, 1, 2, 1, 2, 1,.d = 2, 1, 2, 8, 9, 1, 2, 8, 9, 1,.d = 20, 2, 3, 0, 9, 3, 1, 7, 2, 2,.d = 30, 10, 0,
/* 0 */ 5, 6, 2, 8, 9, 1, 2, 1, 2, 1, /* 10 */ 2, 1, 2, 8, 9, 1, 2, 8, 9, 1, /* 20 */ 2, 2, 3, 0, 9, 3, 1, 7, 2, 2, /* 60 */ 0, 10, 0,
.d = 5, 6, 2, 8, 9, 1, 2, 1, 2, 1,.d = 2, 1, 2, 8, 9, 1, 2, 8, 9, 1,.d = 2, 3, 0, 9, 3, 1, 7, 2, 2,.d = 0, 10, 0,
/* 0 */ 5, 6, 2, 8, 6, 1, 2, 1, 2, 1, /* 10 */ 2, 1, 2, 8, 9, 1, 2, 8, 9, 1, /* 20 */ 2, 2, 3, 0, 9, 3, 1, 7, 2, 2, /* 30 */ 0, 10, 0,
/* 0 */ 5, 6, 2, 8, 9, 1, 2, 1, 2, 1, /* 10 */ 2, 1, 2, 8, 9, 1, 2, 8, 9, 1, /* 20 */ 2, 2, 3, 0, 9, 3, 1, 7, 2, 2, /* 20 */ 0, 10, 0,
.d = 0;.d = 5, 6, 2, 8, 9, 1, 2, 1, 2, 1,.d = 2, 1, 2, 8, 9, 1, 2, 8, 9, 1,.d = 20, 2, 3, 0, 9, 3, 1, 7, 2, 2,.d = 30, 10, 0,
/* 0 */ 5, 6, 2, 8, 9, 1, 2, 1, 2, 1, /* 10 */ 2, 1, 2, 8, 9, 1, 2, 8, 9, 1, /* 20 */ 2, 2, 3, 0, 9, 3, 1, 7, 2, 2, /* 10 */ 0, 10, 0,
/* 0 */ 5, 6, 2, 8, 9, 1, 2, 1, 2, 1, /* 10 */ 2, 1, 2, 8, 9, 1, 2, 8, 9 1, /* 20 */ 2, 2, 3, 0, 9, 3, 1, 7, 2, 2, /* 30 */ 0, 10, 0,
.d = 5, 6, 2, 8, 9, 1, 2, 1, 2, 1,.d = 2, 1, 2, 8, 9, 1, 2, 8, 9, 1,.d = 2, 3, 0, 9, 3, 1, 7, 2, 2,.d = 10, 0,
/* 0 */ 5, 6, 2, 8, 9, 1, 2, 1, 2, 1, /* 10 */ 2, 1, 2, 8, 9, 1, 2, 8, 9, 1, /* 20 */ 2, 2, 3, 0, 9, 3, 1, 17, 2, 2, /* 30 */ 0, 10, 0,
/* 0 */ 5, 6, 2, 8, 9, 1, 2, 1, 2, 1, /* 10 */ 2, 1, 2, 8, 9, 1, 2, 8, 9, 1, /* 20 */ 2, 2, 3, 0, 9, 3, 1, 7, 2, 2, /* 29 */ 0, 10, 0,
/* 0 */ 5, 6, 2, 8, 9, 1, 2, 1, 2, 1, /* 10 */ 2, 1, 2, 8, 9, 1, 2, 8, 9, 1, /* 20 */ 2, 2, 3, 0, 9, 3, 1, 7, 2, 2, /*30 */ 0, 10, 0,
/* 0 */ 5, 6, 2, 8, 9, 1, 2, 1, 2, 1, /* 100 */ 2, 1, 2, 8, 9, 1, 2, 8, 9, 1, /* 20 */ 2, 2, 3, 0, 9, 3, 1, 7, 2, 2, /* 30 */ 0, 10, 0,
/* 0 */ 5, 6, 2, 8, 9, 1, 2, 1, 2, 1, /* 10 */ 2, 1, 2, 8, 9, 1, 2, 8, 9, 1, /* 20 */ 2, 2, 3, 0, 9, 3, 1, 7, 2, 2, 0, 0, 10, 0,
/* 0 */ 5, 6, 2, 8, 9, 1, 2, 1, 2, 1, /* 10 */ 2, 1, 2, 8, 9, 1, 2, 8, 9, 1, /* 20 */ 2, 2, 3, 0, 9, 3, 1, 7, 2, 2, /* 30 */ 0, 3,
/* 0 */ 5, 6, 2, 8, 9, 1, 2, 1, 2, 1 /* 10 */ 2, 1, 2, 8, 9, 1, 2, 8, 9, 1, /* 20 */ 2, 2, 3, 0, 9, 3, 1, 7, 2, 2, /* 30 */ 0, 10, 0,
/* 0 */ 5, 6, 2, 8, 9, 1, 2, 2, 1, /* 10 */ 2, 1, 2, 8, 9, 1, 2, 8, 9, 1, /* 20 */ 2, 2, 3, 0, 9, 3, 1, 7, 2, 2, /* 30 */ 0, 10, 0,
/* 0 */5, 6, 2, 8, 9, 1, 2, 1, 2, 1, /* 10 */2, 1, 2, 8, 9, 1, 2, 8, 9, 1, /* 20 */ 2, 2, 3, 0, 9, 3, 1, 7, 2, 2, /* 30 */ 0, 10, 0,
.d = 5, 6, 2, 8, 9, 1, 2, 1, 2, 1,.d = 1, 2, 8, 9, 1, 2, 8, 9, 1,.d = 20, 2, 3, 0, 9, 3, 1, 7, 2, 2,.d = 30, 0,
/* 0 */ 5, 6, 2, 1, 2, 1, 2, 1, /* 10 */ 2, 1, 2, 8, 9, 1, 2, 8, 9, 1, /* 20 */ 2, 2, 3, 0, 9, 3, 1, 7, 2, 2, /* 30 */ 0, 10, 0,
/* 5, 6, 2, 8, 9, 1, 2, 1, 2, 1, /* 10 */ 2, 1, 2, 8, 9, 1, 2, 8, 9, 1, /* 20 */ 2, 2, 3, 0, 9, 3, 1, 7, 2, 2, /* 30 */ 0, 10, 0,
/* 0 */ 5, 6, 2, 8, 7, 1, 2, 1, 2, 1, /* 10 */ 2, 1, 2, 8, 9, 1, 2, 8, 9, 1, /* 20 */ 2, 2, 3, 0, 9, 3, 1, 7, 2, 2, /* 30 */ 0, 10, 0,
/* 0 */ 5, 6, 2, 8, 9, 1, 2, 1, 2, 1, /* 5 */ 2, 1, 2, 8, 9, 1, 2, 8, 9, 1, /* 20 */ 2, 2, 3, 0, 9, 3, 1, 7, 2, 2, /* 30 */ 0, 10, 0,
.. 5, 6, 2, 8, 9, 1, 2, 1, 2, 1,.. 2, 1, 2, 8, 9, 1, 2, 8, 9, 1,.. 20 2, 2, 3, 0, 9, 3, 1, 7, 2, 2,.. 30 0, 10, 0,
/* 0 */ 5, 6, 2, 8, 9, 1, 2, 1, 2, 1, /* 10 */ 2, 1, 2, 8, 9, 1, 2, 8, 9, 1, /* 20 */ 2, 2, 3, 0, 9, 3, 1, 7, 2, 3, /* 30 */ 0, 10, 0,
/* 0 */ /* 5, 6, 2, 8, 9, 1, 2, 1, 2, 1, /* 10 */ 2, 1, 2, 8, 9, 1, /* 20 */ 2, 2, 3, 0, 9, 3, 1, 7, 2, 2, /* 30 */ 0, 10, 0,
/* 0 */ 5, 6, 2, 8, 9, 1, 2, 1, 2, 1, /* 10 */ 2, 1, 2, 8, 9, 1, 2, 8, 9, 1, /* 20 */ 2, 2, 4, 0, 9, 3, 1, 7, 2, 2, /* 30 */ 0, 10, 0,
/* 0 */ 5, 6, 2, 8, 9, 1, 2, 1, 2, 1, /* 10 */ 2, 1, 2, 8, 9, 1, 2, 8, 9, 1, /* 20 */ 2, 2, 3, 0, 9, 3, 1, 7, 2, 2, /* 30 */ 0, 10, 10,
/* 0*/ 5, 6, 2, 8, 9, 1, 2, 1, 2, 1, /* 10 */ 2, 1, 2, 8, 9, 1, 2, 8, 9, 1, /* 20 */ 2, 2, 3, 0, 9, 3, 1, 7, 2, 2, /* 30 */ 0, 10, 0,
/* 0 */ 5, 6, 2, 8, 9, 1, 2, 1, 2, 1, /* 10 */ 2, 1, 2, 8, 9, 1, 2, 8, 9, 1,.* 20 */ 2, 2, 3, 0, 9, 3, 1, 7, 2, 2,.* 30 */ 0, 10, 0,
.d = 5, 6, 2, 8, 9, 1, 2, 1, 2, 1,.d = 2, 1, 2, 8, 9, 1, 2, 8, 9, 1,.d = 2, 3, 0, 9, 3, 1, 7, 2, 2,.d = 30, 10, 0,
(void) 5, 6, 2, 8, 9, 1, 2, 1, 2, 1, /* 10 */ 2, 1, 2, 8, 9, 1, 2, 8, 9, 1, /* 20 */ 2, 2, 3, 0, 9, 3, 1, 7, 2, 2, /* 30 */ 0, 10, 0,
.d = 0 5, 6, 2, 8, 9, 1, 2, 1, 2, 1,.d = 1, 2, 8, 9, 1, 2, 8, 9, 1,.d = 20, 2, 3, 0, 9, 3, 1, 7, 2, 2,.d = 30, 10, 0,
/* 0 */ 5, 6, 2, 8, 9, 1, 2, 1, 2, 1, /* 10 */ 2, 1, 2, 4, 9, 1, 2, 8, 9, 1, /* 20 */ 2, 2, 3, 0, 9, 3, 1, 7, 2, 2, /* 30 */ 0, 10, 0,
/* 5 */ 5, 6, 2, 8, 9, 1, 2, 1, 2, 1, /* 10 */ 2, 1, 2, 8, 9, 1, /* 20 */ 2, 2, 3, 0, 9, 3, 1, 7, 2, 2, /* 30 */ 0, 10, 0,
;
/* 0 */ 5, 6, 3, 8, 9, 1, 2, 1, 2, 1, /* 10 */ 2, 1, 2, 8, 9, 1, 2, 8, 9, 1, /* 20 */ 2, 2, 3, 0, 9, 3, 1, 7, 2, 2, /* 30 */ 0, 10, 0,
/* 0 */ 5, 6, 2, 8, 9, 1, 2, 1, 2, 1, /* 10 */ 2, 1, 2, 8, 9, 1, 2, 8, 9, 1, /* 20 */ 2, 2, 3, 0, 9, 3, 1, 7, 2, 2, /* 30 */ 0, 30, 0,
/* 0 */ 5, 6, 2, 8, 9, 1, 2, 1, 2, 1, /* 10 */ 2, 1, 2, 8, 9,1, 2, 8, 9, 1, /* 20 */ 2, 2, 3, 0, 9, 3, 1, 7, 2, 2, /* 30 */ 0, 10, 0,
/* 0 **/ 5, 6, 2, 8, 9, 1, 2, 1, 2, 1, /* 10 **/ 2, 1, 2, 8, 9, 1, 2, 8, 9, 1, /* 20 */ 2, 2, 3, 0, 9, 3, 1, 7, 2, 2, /* 30 */ 0, 10, 0,
/* 0 */ 5, 6, 2, 8, 9, 1, 2, 1, 2, 1, /* 10 */ 2, 1, 2, 8, 9, 1, 2, 8, 9, 1, /* 20 */ 2, 2, 3, 0, 9, 3, 1, 7, 2, 2, /* 30 */ 30, 10, 0,
/* 0 */ 5, 6, 2, 8, 9, 1, 2, 1, 2, 1, /* 10 */ 2, 1, 2, 8, 9, 1, 2, 8,9 1, /* 20 */ 2, 2, 3, 0, 9, 3, 1, 7, 2, 2, /* 30 */ 0, 10, 0,
/* 5, 6, 2, 8, 9, 1, 2, 1, 2, 1, /* 10 */ 2, 1, 2, 8, 9, 1, /* 20 */ 2, 2, 3, 0, 9, 3, 1, 7, 2, 2, /* 30 */ 0, 10, 0,
.d = 5, 6, 2, 8, 9, 1, 2, 1, 2, 1,.d = 2, 1, 2, 8, 9, 1, 2, 8, 9, 1,.d = 20, 2, 3, 0, 9, 3, 1, 7, 2, 2,.d = 10, 0,
/* 0 */ 5, 6 2, 8, 9, 1, 2, 1, 2, 1, /* 10 */ 2, 1, 2, 8, 9, 1, 2, 8, 9, 1, /* 20 */ 2, 2, 3, 0, 9, 3, 1, 7, 2, 2, /* 30 */ 0, 10, 0,
.d = 5, 6, 2, 8, 9, 1, 2, 1, 2, 1,.d = 1, 2, 8, 9, 1, 2, 8, 9, 1,.d = 20, 2, 3, 0, 9, 3, 1, 7, 2, 2,.d = 30,
/* 0 */ 5, 6, 2, 8, 9, 1, 2, 1, 2, 1, /* 10 */ 2, 1, 2, 8, 9, 1, 2, 8, 9, 1, /* 20 */ 2, 2, 3, 0, 9, 3, 1, 7, 2, 2, /* 40 */ 0, 10, 0,
/* 0 */ 5, 6, 2, 8, 9, 1, 2, 1, 2, 1, /* 10 */ 2, 1, 2, 8, 9, 1, 2, 8, 9, 1, /* 20 */ 2, 2, 3, 0, 9, 3, 1, 7, 2, 2, /* 30 */ 0, 10,,
/* 0 */ 5, 6, 2, 8, 9, 1, 2, 1, 2, 1, /* (10 */ 2, 1, 2, 8, 9, 1, 2, 8, 9, 1, /* 20 */ 2, 2, 3, 0, 9, 3, 1, 7, 2, 2, /* 30 */ 0, 10, 0,
/* 0 */ 5, 6, 2, 8, 9, 1, 2, 1, 2, 1, /* 10 */ 2, 1, 2, 8, 9, 1, /* 20, */ 2, 2, 3, 0, 9, 3, 1, 7, 2, 2, /* 30 */ 0, 10, 0,
/* 0 */ 5, 6, 2, 8, 9, 1, 2, 1, 2, 1, /* 10 */ 2, 1, 2, 6, 9, 1, 2, 8, 9, 1, /* 20 */ 2, 2, 3, 0, 9, 3, 1, 7, 2, 2, /* 30 */ 0, 10, 0,
/* 0 */ 5, 6, 2, 8, 9, 1, 2, 1, 2, 1, /* 10 */ 2, 1, 2, 8, 9, 1, 2, 8, 9, 1, /* 20 */ 2, 2, 3, 0, 9, 3, 1, 7, 2, 2, /* 30 */ 0, 2,
/* 0 */ 5, 6, 2, 8, 9, 1, 2, 1, 2, 1, /* 10 */ 2, 1, 2, 8, 9, 1, 2, 8, 10, 1, /* 20 */ 2, 2, 3, 0, 9, 3, 1, 7, 2, 2, /* 30 */ 0, 10, 0,
/* 0 */ 5, 6, 2, 8, 9, 1, 2, 1, 2, 1, /* 10 */ 2, 1, 2, 8, 9, 1, 2, 8, 9, 1, /* 20 */ 2, 2, 3, 0, 9, 3, 1, 7, 2, 2, /* 3 */ 0, 10, 0,
/* 0 */ 5, 6, 2, 8, 9, 1, 2, 1, 2, 1, /* 10 */ 2, 1, 2, 8,9) 1, 2, 8, 9, 1, /* 20 */ 2, 2, 3, 0, 9, 3, 1, 7, 2, 2, /* 30 */ 0, 10, 0,
/* 0 */ 5, 6, 2, 8, 9, 1, 2, 1, 2, 1, /* 10 */ 2, 1, 2, 8, 9, 1, 2, 8, 9, 1, /* 20 */ 2, 2, 3, 0, 9, 3, 1, 10, 2, 2, /* 30 */ 0, 10, 0,
/* 0 */ 25, 6, 2, 8, 9, 1, 2, 1, 2, 1, /* 10 */ 2, 1, 2, 8, 9, 1, 2, 8, 9, 1, /* 20 */ 2, 2, 3, 0, 9, 3, 1, 7, 2, 2, /* 30 */ 0, 10, 0,
.d = 5, 6, 2, 8, 9, 1, 2, 1, 2, 1,.d = 2, 1, 2, 8, 9, 1, 2, 8, 9, 1,.d = 20, 2, 3, 0, 9, 3, 1, 7, 2, 2,.d = 30, 30,
/* 0 */ 5, 6, 2, 8, 9, 1, 1, 2, 1, 1, /* 10 */ 2, 1, 2, 8, 9, 1, 2, 8, 9, 1, /* 20 */ 2, 2, 3, 0, 9, 3, 1, 7, 2, 2, /* 30 */ 0, 10, 0,
/* 0 */ 10, 6, 2, 8, 9, 1, 2, 1, 2, 1, /* 10 */ 2, 1, 2, 8, 9, 1, /* 20 */ 2, 2, 3, 0, 9, 3, 1, 7, 2, 2, /* 30 */ 0, 10, 0,
.d = 0, 6, 2, 8, 9, 1, 2, 1, 2, 1,.d = 1, 2, 8, 9, 1, 2, 8, 9, 1,.d = 20, 2, 3, 0, 9, 3, 1, 7, 2, 2,.d = 30, 10, 0,
5, 6, 2, 8, 9, 1, 2, 1, 2, 1, /* 10 */ 2, 1, 2, 8, 9, 1, 2, 8, 9, 1, /* 20 */ 2, 2, 3, 0, 9, 3, 1, 7, 2, 2, /* 30 */ 0, 10, 0,
/* 0 /* 5, 6, 2, 8, 9, 1, 2, 1, 2, 1, /* 10 /* 2, 1, 2, 8, 9, 1, /* 20 /* 2, 2, 3, 0, 9, 3, 1, 7, 2, 2, /* 30 /* 0, 10, 0,
/* 0 */ 5, 6, 2, 8, 9, 1, 2, 1, 2, 1, /* 10 */ 2, 1, 2, 8, 9, 1, 2, 8, 9, 1, /* 20 */ 2, 2, 3, 0, 9, 3, 1, 7, 2, 2, /* 30 */ 0, 10, 30,
/* 0 */ 5, 6, 2, 8, 9, 1, 2, 1, 2, 1, /* 10 */ 2, 1, 2, 8, 9, 1, 2, 8, 9, 1, /* 20 */ 2, 2, 3, 0, 9, 3, 1, 7, 2, 1, /* 30 */ 0, 10, 0,
.d = 0 ;.d = 6, 2, 8, 9, 1, 2, 1, 2, 1,.d = 1, 2, 8, 9, 1, 2, 8, 9, 1,.d = 20, 2, 3, 0, 9, 3, 1, 7, 2, 2,.d = 30, 0,
.d = 0 /* 0 */ 5, 6, 2, 8, 9, 1, 2, 1, 2, 1,.d = 0, 1, 2, 8, 9, 1, 2, 8, 9, 1,.d = 0, 2, 3, 0, 9, 3, 1, 7, 2, 2,.d = 0, 10, 0,
.d = 0 /* 0 */ 5, 6, 2, 8, 9, 1, 2, 1, 2, 1,.d = 1, 2, 8, 9, 1, 2, 8, 9, 1,.d = 20, 2, 3, 0, 9, 3, 1, 7, 2, 2,.d = 30, 10, 0,
.d = 0 * 5, 6, 2, 8, 9, 1, 2, 1, 2, 1,.d = 0, 1, 2, 8, 9, 1, 2, 8, 9, 1,.d = 0, 2, 3, 0, 9, 3, 1, 7, 2, 2,.d = 0, 10, 0,
.d = 0, 6, 2, 8, 9, 1, 2, 1, 2, 1,.d = 1, 2, 8, 9, 1, 2, 8, 9, 1,.d = 20, 2, 3, 0, 9, 3, 1, 7, 2, 2,.d = 30, 0,
.d = 0, 6, 2, 8, 9, 1, 2, 1, 2, 1,.d = 2, 1, 2, 8, 9, 1, 2, 8, 9, 1,.d = 20, 2, 3, 0, 9, 3, 1, 7, 2, 2,.d = 30, 10, 0,
.d = 0.d = 5, 6, 2, 8, 9, 1, 2, 1, 2, 1,.d = 2, 1, 2, 8, 9, 1, 2, 8, 9, 1,.d = 20, 2, 3, 0, 9, 3, 1, 7, 2, 2,.d = 30, 0,
.d = 0,.d = 0, 6, 2, 8, 9, 1, 2, 1, 2, 1,.d = 0, 1, 2, 8, 9, 1, 2, 8, 9, 1,.d = 0, 2, 2, 3, 0, 9, 3, 1, 7, 2, 2,.d = 0,.d = 0,
.d = 0 * 5, 6, 2, 8, 9, 1, 2, 1, 2, 1,.d = 10 * 2, 1, 2, 8, 9, 1,.d = 2, 2, 9, 1,.d = 20, 2, 3, 0, 9, 3, 1, 7, 2, 2,.d = 30 * 0, 10, 0,
.d = 0 * ((long) 0);
.d = 0 ;.d = 5, 6, 2, 8, 9, 1, 2, 1, 2, 1,.d = 2, 1, 2, 8, 9, 1, 2, 8, 9, 1,.d = 20, 2, 3, 0, 9, 3, 1, 7, 2, 2,.d = 30, 10, 0,
.d = 0;.d = 5, 6, 2, 8, 9, 1, 2, 1, 2, 1,.d = 1, 2, 8, 9, 1, 2, 8, 9, 1,.d = 20, 2, 3, 0, 9, 3, 1, 7, 2, 2,.d = 30, 0,
.d = 0;.d = 5, 6, 2, 8, 9, 1, 2, 1, 2, 1,.d = 2, 1, 2, 8, 9, 1, 2, 8, 9, 1,.d = 20, 2, 3, 0, 9, 3, 1, 7, 2, 2,.d = 30, 30,
.d = 0 * 5, 6, 2, 8, 9, 1, 2, 1, 2, 1,.d = 0 * 2, 1, 2, 8, 9, 1, 2, 8, 9, 1,.d = 0 * 2, 3, 0, 9, 3, 1, 7, 2, 2,.d = 0 * 10, 0,
.d = 0.d = 5, 6, 2, 8, 9, 1, 2, 1, 2, 1,.d = 1, 2, 8, 9, 1, 2, 8, 9, 1,.d = 20, 2, 3, 0, 9, 3, 1, 7, 2, 2,.d = 30, 0,
.d = 0;.d = 1, 2, 1, 2, 1,.d = 1, 2, 8, 9, 1, 2, 8, 9, 1,.d = 20, 2, 3, 0, 9, 3, 1, 7, 2, 2,.d = 30, 0,
.d = 0;.d = 0;.d = 0;
.d = 0.d, 6, 2, 8, 9, 1, 2, 1, 2, 1,.d = 1, 2, 8, 9, 1, 2, 8, 9, 1,.d = 20, 2, 3, 0, 9, 3, 1, 7, 2, 2,.d = 10, 0,
.d = 0.d = 5, 6, 2, 8, 9, 1, 2, 1, 2, 1,.d = 2, 1, 2, 8, 9, 1, 2, 8, 9, 1,.d = 2, 2, 3, 0, 9, 3, 1, 7, 2, 2,.d = 30, 10, 0,
.d = 0 * 5, 6, 2, 8, 9, 1, 2, 1, 2, 1,.d = 1 * 2, 1, 2, 8, 9, 1, 2, 8, 9, 1,.d = 2 * 2, 3, 0, 9, 3, 1, 7, 2, 2,.d = 3 * 10, 0,
.d = 5, 6, 2, 8, 9, 1, 2, 1, 2, 1,.d = 1, 2, 8, 9, 1, 2, 8, 9, 1,.d = 20, 3, 0, 9, 3, 1, 7, 2, 2,.d = 30, 0,
.d = 0;.d = 0, 6, 2, 8, 9, 1, 2, 1, 2, 1,.d = 2, 1, 2, 8, 9, 1, 2, 8, 9, 1,.d = 2, 2, 3, 0, 9, 3, 1, 7, 2, 2,.d = 0, 10, 0,
.d = 0 * 5, 6, 2, 8, 9, 1, 2, 1, 2, 1,.d = 1, 2, 8, 9, 1, 2, 8, 9, 1,.d = 20, 2, 3, 0, 9, 3, 1, 7, 2, 2,.d = 30, 0,
.d = 5, 6, 2, 8, 9, 1, 2, 1, 2, 1,.d = 1, 2, 8, 9, 1, 2, 8, 9, 1,.d = 20, 3, 0, 9, 3, 1, 7, 2, 2,.d = 30, 30,
.d = 0 * 5, 6, 2, 8, 9, 1, 2, 1, 2, 1,.d = 10 * 2, 1, 2, 8, 9, 1,.d = 20, 2, 3, 0, 9, 3, 1, 7, 2, 2,.d = 30 * 0, 10, 0,
/* 0 &= 5, 6, 2, 8, 9, 1, 2, 1, 2, 1, /* 10 <= 2, 1, 2, 8, 9, 1, /* 20 = 2, 2, 3, 0, 9, 3, 1, 7, 2, 2, /* 30 = 0, 10, 0,
/* 0 <= 5, 6, 2, 8, 9, 1, 2, 1, 2, 1, /* 10 <= 2, 1, 2, 8, 9, 1, /* 20 &= 2, 2, 3, 0, 9, 3, 1, 7, 2, 2, /* 30 <= 0, 10, 0,
/* 0 = 5, 6, 2, 8, 9, 1, 2, 1, 2, 1, /* 10 <= 2, 1, 2, 8, 9, 1, /* 20 &= 2, 2, 3, 0, 9, 3, 1, 7, 2, 2, /* 30 <= 0, 10, 0,
/* 0 = 5, 6, 2, 8, 9, 1, 2, 1, 2, 1, /* 10 &= 2, 1, 2, 8, 9, 1, /* 20 <= 2, 2, 3, 0, 9, 3, 1, 7, 2, 2, /* 30 <= 0, 10, 0,
/* 0 &= 5, 6, 2, 8, 9, 1, 2, 1, 2, 1, /* 10 &= 2, 1, 2, 8, 9, 1, /* 20 &= 2, 2, 3, 0, 9, 3, 1, 7, 2, 2, /* 30 &= 0, 10, 0,
/* 0 = 5, 6, 2, 8, 9, 1, 2, 1, 2, 1, /* 10 <= 2, 1, 2, 8, 9, 1, /* 20 = 2, 2, 3, 0, 9, 3, 1, 7, 2, 2, /* 30 &= 0, 10, 0,
/* 0 = 5, 6, 2, 8, 9, 1, 2, 1, 2, 1, /* 10 &= 2, 1, 2, 8, 9, 1, /* 20 &= 2, 2, 3, 0, 9, 3, 1, 7, 2, 2, /* 30 &= 0, 10, 0,
/* 0 = 5, 6, 2, 8, 9, 1, 2, 1, 2, 1, /* 10 &= 2, 1, 2, 8, 9, 1, /* 20 &= 2, 2, 3, 0, 9, 3, 1, 7, 2, 2, /* 30 = 0, 10, 0,
/* 0 <= 5, 6, 2, 8, 9, 1, 2, 1, 2, 1, /* 10 <= 2, 1, 2, 8, 9, 1, /* 20 = 2, 2, 3, 0, 9, 3, 1, 7, 2, 2, /* 30 = 0, 10, 0,
/* 0 = 5, 6, 2, 8, 9, 1, 2, 1, 2, 1, /* 10 = 2, 1, 2, 8, 9, 1, /* 20 = 2, 2, 3, 0, 9, 3, 1, 7, 2, 2, /* 30 <= 0, 10, 0,
/* 0 <= 5, 6, 2, 8, 9, 1, 2, 1, 2, 1, /* 10 &= 2, 1, 2, 8, 9, 1, /* 20 &= 2, 2, 3, 0, 9, 3, 1, 7, 2, 2, /* 30 = 0, 10, 0,
/* 0 = 5, 6, 2, 8, 9, 1, 2, 1, 2, 1, /* 10 = 2, 1, 2, 8, 9, 1, /* 20 <= 2, 2, 3, 0, 9, 3, 1, 7, 2, 2, /* 30 = 0, 10, 0,
/* 0 = 5, 6, 2, 8, 9, 1, 2, 1, 2, 1, /* 10 <= 2, 1, 2, 8, 9, 1, /* 20 &= 2, 2, 3, 0, 9, 3, 1, 7, 2, 2, /* 30 &= 0, 10, 0,
/* 0 &= 5, 6, 2, 8, 9, 1, 2, 1, 2, 1, /* 10 &= 2, 1, 2, 8, 9, 1, /* 20 &= 2, 2, 3, 0, 9, 3, 1, 7, 2, 2, /* 30 <= 0, 10, 0,
/* 0 = 5, 6, 2, 8, 9, 1, 2, 1, 2, 1, /* 10 <= 2, 1, 2, 8, 9, 1, /* 20 &= 2, 2, 3, 0, 9, 3, 1, 7, 2, 2, /* 30 = 0, 10, 0,
/* 0 = 5, 6, 2, 8, 9, 1, 2, 1, 2, 1, /* 10 <= 2, 1, 2, 8, 9, 1, /* 20 = 2, 2, 3, 0, 9, 3, 1, 7, 2, 2, /* 30 = 0, 10, 0,
/* 0 <= 5, 6, 2, 8, 9, 1, 2, 1, 2, 1, /* 10 = 2, 1, 2, 8, 9, 1, /* 20 &= 2, 2, 3, 0, 9, 3, 1, 7, 2, 2, /* 30 &= 0, 10, 0,
/* 0 = 5, 6, 2, 8, 9, 1, 2, 1, 2, 1, /* 10 <= 2, 1, 2, 8, 9, 1, /* 20 <= 2, 2, 3, 0, 9, 3, 1, 7, 2, 2, /* 30 = 0, 10, 0,
/* 0 &= 5, 6, 2, 8, 9, 1, 2, 1, 2, 1, /* 10 = 2, 1, 2, 8, 9, 1, /* 20 <= 2, 2, 3, 0, 9, 3, 1, 7, 2, 2, /* 30 &= 0, 10, 0,
/* 0 &= 5, 6, 2, 8, 9, 1, 2, 1, 2, 1, /* 10 = 2, 1, 2, 8, 9, 1, /* 20 = 2, 2, 3, 0, 9, 3, 1, 7, 2, 2, /* 30 = 0, 10, 0,
/* 0 = 5, 6, 2, 8, 9, 1, 2, 1, 2, 1, /* 10 = 2, 1, 2, 8, 9, 1, /* 20 &= 2, 2, 3, 0, 9, 3, 1, 7, 2, 2, /* 30 = 0, 10, 0,
/* 0 = 5, 6, 2, 8, 9, 1, 2, 1, 2, 1, /* 10 = 2, 1, 2, 8, 9, 1, /* 20 = 2, 2, 3, 0, 9, 3, 1, 7, 2, 2, /* 30 = 0, 10, 0,
/* 0 <= 5, 6, 2, 8, 9, 1, 2, 1, 2, 1, /* 10 <= 2, 1, 2, 8, 9, 1, /* 20 <= 2, 2, 3, 0, 9, 3, 1, 7, 2, 2, /* 30 = 0, 10, 0,
/* 0 &= 5, 6, 2, 8, 9, 1, 2, 1, 2, 1, /* 10 <= 2, 1, 2, 8, 9, 1, /* 20 = 2, 2, 3, 0, 9, 3, 1, 7, 2, 2, /* 30 <= 0, 10, 0,
/* 0 &= 5, 6, 2, 8, 9, 1, 2, 1, 2, 1, /* 10 &= 2, 1, 2, 8, 9, 1, /* 20 <= 2, 2, 3, 0, 9, 3, 1, 7, 2, 2, /* 30 = 0, 10, 0,
/* 0 <= 5, 6, 2, 8, 9, 1, 2, 1, 2, 1, /* 10 = 2, 1, 2, 8, 9, 1, /* 20 = 2, 2, 3, 0, 9, 3, 1, 7, 2, 2, /* 30 <= 0, 10, 0,
/* 0 &= 5, 6, 2, 8, 9, 1, 2, 1, 2, 1, /* 10 = 2, 1, 2, 8, 9, 1, /* 20 &= 2, 2, 3, 0, 9, 3, 1, 7, 2, 2, /* 30 &= 0, 10, 0,
/* 0 = 5, 6, 2, 8, 9, 1, 2, 1, 2, 1, /* 10 &= 2, 1, 2, 8, 9, 1, /* 20 = 2, 2, 3, 0, 9, 3, 1, 7, 2, 2, /* 30 &= 0, 10, 0,
/* 0 &= 5, 6, 2, 8, 9, 1, 2, 1, 2, 1, /* 10 = 2, 1, 2, 8, 9, 1, /* 20 <= 2, 2, 3, 0, 9, 3, 1, 7, 2, 2, /* 30 = 0, 10, 0,
/* 0 &= 5, 6, 2, 8, 9, 1, 2, 1, 2, 1, /* 10 = 2, 1, 2, 8, 9, 1, /* 20 = 2, 2, 3, 0, 9, 3, 1, 7, 2, 2, /* 30 <= 0, 10, 0,
/* 0 <= 5, 6, 2, 8, 9, 1, 2, 1, 2, 1, /* 10 = 2, 1, 2, 8, 9, 1, /* 20 &= 2, 2, 3, 0, 9, 3, 1, 7, 2, 2, /* 30 = 0, 10, 0,
/* 0 &= 5, 6, 2, 8, 9, 1, 2, 1, 2, 1, /* 10 &= 2, 1, 2, 8, 9, 1, /* 20 &= 2, 2, 3, 0, 9, 3, 1, 7, 2, 2, /* 30 = 0, 10, 0,
/* 0 <= 5, 6, 2, 8, 9, 1, 2, 1, 2, 1, /* 10 <= 2, 1, 2, 8, 9, 1, /* 20 = 2, 2, 3, 0, 9, 3, 1, 7, 2, 2, /* 30 <= 0, 10, 0,
/* 0 &= 5, 6, 2, 8, 9, 1, 2, 1, 2, 1, /* 10 &= 2, 1, 2, 8, 9, 1, /* 20 = 2, 2, 3, 0, 9, 3, 1, 7, 2, 2, /* 30 <= 0, 10, 0,
/* 0 = 5, 6, 2, 8, 9, 1, 2, 1, 2, 1, /* 10 <= 2, 1, 2, 8, 9, 1, /* 20 = 2, 2, 3, 0, 9, 3, 1, 7, 2, 2, /* 30 <= 0, 10, 0,
/* 0 <= 5, 6, 2, 8, 9, 1, 2, 1, 2, 1, /* 10 &= 2, 1, 2, 8, 9, 1, /* 20 = 2, 2, 3, 0, 9, 3, 1, 7, 2, 2, /* 30 = 0, 10, 0,
/* 0 = 5, 6, 2, 8, 9, 1, 2, 1, 2, 1, /* 10 = 2, 1, 2, 8, 9, 1, /* 20 <= 2, 2, 3, 0, 9, 3, 1, 7, 2, 2, /* 30 <= 0, 10, 0,
/* 0 <= 5, 6, 2, 8, 9, 1, 2, 1, 2, 1, /* 10 = 2, 1, 2, 8, 9, 1, /* 20 = 2, 2, 3, 0, 9, 3, 1, 7, 2, 2, /* 30 &= 0, 10, 0,
/* 0 &= 5, 6, 2, 8, 9, 1, 2, 1, 2, 1, /* 10 = 2, 1, 2, 8, 9, 1, /* 20 &= 2, 2, 3, 0, 9, 3, 1, 7, 2, 2, /* 30 <= 0, 10, 0,
/* 0 = 5, 6, 2, 8, 9, 1, 2, 1, 2, 1, /* 10 <= 2, 1, 2, 8, 9, 1, /* 20 <= 2, 2, 3, 0, 9, 3, 1, 7, 2, 2, /* 30 <= 0, 10, 0,
/* 0 <= 5, 6, 2, 8, 9, 1, 2, 1, 2, 1, /* 10 = 2, 1, 2, 8, 9, 1, /* 20 = 2, 2, 3, 0, 9, 3, 1, 7, 2, 2, /* 30 = 0, 10, 0,
/* 0 <= 5, 6, 2, 8, 9, 1, 2, 1, 2, 1, /* 10 &= 2, 1, 2, 8, 9, 1, /* 20 &= 2, 2, 3, 0, 9, 3, 1, 7, 2, 2, /* 30 &= 0, 10, 0,
/* 0 &= 5, 6, 2, 8, 9, 1, 2, 1, 2, 1, /* 10 <= 2, 1, 2, 8, 9, 1, /* 20 &= 2, 2, 3, 0, 9, 3, 1, 7, 2, 2, /* 30 = 0, 10, 0,
/* 0 <= 5, 6, 2, 8, 9, 1, 2, 1, 2, 1, /* 10 = 2, 1, 2, 8, 9, 1, /* 20 <= 2, 2, 3, 0, 9, 3, 1, 7, 2, 2, /* 30 = 0, 10, 0,
/* 0 = 5, 6, 2, 8, 9, 1, 2, 1, 2, 1, /* 10 &= 2, 1, 2, 8, 9, 1, /* 20 = 2, 2, 3, 0, 9, 3, 1, 7, 2, 2, /* 30 = 0, 10, 0,
/* 0 &= 5, 6, 2, 8, 9, 1, 2, 1, 2, 1, /* 10 <= 2, 1, 2, 8, 9, 1, /* 20 <= 2, 2, 3, 0, 9, 3, 1, 7, 2, 2, /* 30 = 0, 10, 0,
/* 0 <= 5, 6, 2, 8, 9, 1, 2, 1, 2, 1, /* 10 &= 2, 1, 2, 8, 9, 1, /* 20 <= 2, 2, 3, 0, 9, 3, 1, 7, 2, 2, /* 30 &= 0, 10, 0,
/* 0 <= 5, 6, 2, 8, 9, 1, 2, 1, 2, 1, /* 10 &= 2, 1, 2, 8, 9, 1, /* 20 &= 2, 2, 3, 0, 9, 3, 1, 7, 2, 2, /* 30 <= 0, 10, 0,
/* 0 = 5, 6, 2, 8, 9, 1, 2, 1, 2, 1, /* 10 = 2, 1, 2, 8, 9, 1, /* 20 &= 2, 2, 3, 0, 9, 3, 1, 7, 2, 2, /* 30 &= 0, 10, 0,
/* 0 <= 5, 6, 2, 8, 9, 1, 2, 1, 2, 1, /* 10 &= 2, 1, 2, 8, 9, 1, /* 20 = 2, 2, 3, 0, 9, 3, 1, 7, 2, 2, /* 30 <= 0, 10, 0,
/* 0 &= 5, 6, 2, 8, 9, 1, 2, 1, 2, 1, /* 10 = 2, 1, 2, 8, 9, 1, /* 20 <= 2, 2, 3, 0, 9, 3, 1, 7, 2, 2, /* 30 <= 0, 10, 0,
/* 0 <= 5, 6, 2, 8, 9, 1, 2, 1, 2, 1, /* 10 <= 2, 1, 2, 8, 9, 1, /* 20 = 2, 2, 3, 0, 9, 3, 1, 7, 2, 2, /* 30 &= 0, 10, 0,
/* 0 &= 5, 6, 2, 8, 9, 1, 2, 1, 2, 1, /* 10 &= 2, 1, 2, 8, 9, 1, /* 20 <= 2, 2, 3, 0, 9, 3, 1, 7, 2, 2, /* 30 <= 0, 10, 0,
/* 0 = 5, 6, 2, 8, 9, 1, 2, 1, 2, 1, /* 10 = 2, 1, 2, 8, 9, 1, /* 20 = 2, 2, 3, 0, 9, 3, 1, 7, 2, 2, /* 30 &= 0, 10, 0,
/* 0 &= 5, 6, 2, 8, 9, 1, 2, 1, 2, 1, /* 10 <= 2, 1, 2, 8, 9, 1, /* 20 = 2, 2, 3, 0, 9, 3, 1, 7, 2, 2, /* 30 &= 0, 10, 0,
/* 0 <= 5, 6, 2, 8, 9, 1, 2, 1, 2, 1, /* 10 <= 2, 1, 2, 8, 9, 1, /* 20 &= 2, 2, 3, 0, 9, 3, 1, 7, 2, 2, /* 30 &= 0, 10, 0,
/* 0 &= 5, 6, 2, 8, 9, 1, 2, 1, 2, 1, /* 10 &= 2, 1, 2, 8, 9, 1, /* 20 = 2, 2, 3, 0, 9, 3, 1, 7, 2, 2, /* 30 = 0, 10, 0,
/* 0 <= 5, 6, 2, 8, 9, 1, 2, 1, 2, 1, /* 10 <= 2, 1, 2, 8, 9, 1, /* 20 <= 2, 2, 3, 0, 9, 3, 1, 7, 2, 2, /* 30 <= 0, 10, 0,
/* 0 &= 5, 6, 2, 8, 9, 1, 2, 1, 2, 1, /* 10 = 2, 1, 2, 8, 9, 1, /* 20 &= 2, 2, 3, 0, 9, 3, 1, 7, 2, 2, /* 30 = 0, 10, 0,
/* 0 <= 5, 6, 2, 8, 9, 1, 2, 1, 2, 1, /* 10 = 2, 1, 2, 8, 9, 1, /* 20 <= 2, 2, 3, 0, 9, 3, 1, 7, 2, 2, /* 30 <= 0, 10, 0,
/* 0 <= 5, 6, 2, 8, 9, 1, 2, 1, 2, 1, /* 10 &= 2, 1, 2, 8, 9, 1, /* 20 <= 2, 2, 3, 0, 9, 3, 1, 7, 2, 2, /* 30 = 0, 10, 0,
/* 0 &= 5, 6, 2, 8, 9, 1, 2, 1, 2, 1, /* 10 <= 2, 1, 2, 8, 9, 1, /* 20 &= 2, 2, 3, 0, 9, 3, 1, 7, 2, 2, /* 30 <= 0, 10, 0,
/* 0 <= 5, 6, 2, 8, 9, 1, 2, 1, 2, 1, /* 10 = 2, 1, 2, 8, 9, 1, /* 20 <= 2, 2, 3, 0, 9, 3, 1, 7, 2, 2, /* 30 &= 0, 10, 0,
/* 0 = 5, 6, 2, 8, 9, 1, 2, 1, 2, 1, /* 10 = 2, 1, 2, 8, 9, 1, /* 20 <= 2, 2, 3, 0, 9, 3, 1, 7, 2, 2, /* 30 &= 0, 10, 0,
/* 0 = 5, 6, 2, 8, 9, 1, 2, 1, 2, 1, /* 10 = 2, 1, 2, 8, 9, 1, /* 20 &= 2, 2, 3, 0, 9, 3, 1, 7, 2, 2, /* 30 <= 0, 10, 0,
/* 0 = 5, 6, 2, 8, 9, 1, 2, 1, 2, 1, /* 10 &= 2, 1, 2, 8, 9, 1, /* 20 = 2, 2, 3, 0, 9, 3, 1, 7, 2, 2, /* 30 <= 0, 10, 0,
/* 0 &= 5, 6, 2, 8, 9, 1, 2, 1, 2, 1, /* 10 <= 2, 1, 2, 8, 9, 1, /* 20 &= 2, 2, 3, 0, 9, 3, 1, 7, 2, 2, /* 30 &= 0, 10, 0,
/* 0 = 5, 6, 2, 8, 9, 1, 2, 1, 2, 1, /* 10 &= 2, 1, 2, 8, 9, 1, /* 20 &= 2, 2, 3, 0, 9, 3, 1, 7, 2, 2, /* 30 <= 0, 10, 0,
/* 0 <= 5, 6, 2, 8, 9, 1, 2, 1, 2, 1, /* 10 &= 2, 1, 2, 8, 9, 1, /* 20 = 2, 2, 3, 0, 9, 3, 1, 7, 2, 2, /* 30 &= 0, 10, 0,
/* 0 = 5, 6, 2, 8, 9, 1, 2, 1, 2, 1, /* 10 &= 2, 1, 2, 8, 9, 1, /* 20 <= 2, 2, 3, 0, 9, 3, 1, 7, 2, 2, /* 30 = 0, 10, 0,
/* 0 &= 5, 6, 2, 8, 9, 1, 2, 1, 2, 1, /* 10 <= 2, 1, 2, 8, 9, 1, /* 20 <= 2, 2, 3, 0, 9, 3, 1, 7, 2, 2, /* 30 <= 0, 10, 0,
/* 0 <= 5, 6, 2, 8, 9, 1, 2, 1, 2, 1, /* 10 &= 2, 1, 2, 8, 9, 1, /* 20 <= 2, 2, 3, 0, 9, 3, 1, 7, 2, 2, /* 30 <= 0, 10, 0,
/* 0 <= 5, 6, 2, 8, 9, 1, 2, 1, 2, 1, /* 10 <= 2, 1, 2, 8, 9, 1, /* 20 &= 2, 2, 3, 0, 9, 3, 1, 7, 2, 2, /* 30 = 0, 10, 0,
/* 0 <= 5, 6, 2, 8, 9, 1, 2, 1, 2, 1, /* 10 = 2, 1, 2, 8, 9, 1, /* 20 &= 2, 2, 3, 0, 9, 3, 1, 7, 2, 2, /* 30 <= 0, 10, 0,
/* 0 = 5, 6, 2, 8, 9, 1, 2, 1, 2, 1, /* 10 <= 2, 1, 2, 8, 9, 1, /* 20 <= 2, 2, 3, 0, 9, 3, 1, 7, 2, 2, /* 30 &= 0, 10, 0,
/* 0 &= 5, 6, 2, 8, 9, 1, 2, 1, 2, 1, /* 10 &= 2, 1, 2, 8, 9, 1, /* 20 = 2, 2, 3, 0, 9, 3, 1, 7, 2, 2, /* 30 &= 0, 10, 0,
/* 0 &= 5, 6, 2, 8, 9, 1, 2, 1, 2, 1, /* 10 = 2, 1, 2, 8, 9, 1, /* 20 = 2, 2, 3, 0, 9, 3, 1, 7, 2, 2, /* 30 &= 0, 10, 0,
/* 0 <= 5, 6, 2, 8, 9, 1, 2, 1, 2, 1, /* 10 <= 2, 1, 2, 8, 9, 1, /* 20 <= 2, 2, 3, 0, 9, 3, 1, 7, 2, 2, /* 30 &= 0, 10, 0,
/* 0 = 5, 6, 2, 8, 9, 1, 2, 1, 2, 1, /* 10 &= 2, 1, 2, 8, 9, 1, /* 20 <= 2, 2, 3, 0, 9, 3, 1, 7, 2, 2, /* 30 &= 0, 10, 0,
/* 0 &= 5, 6, 2, 8, 9, 1, 2, 1, 2, 1, /* 10 <= 2, 1, 2, 8, 9, 1, /* 20 <= 2, 2, 3, 0, 9, 3, 1, 7, 2, 2, /* 30 &= 0, 10, 0,
/* 0 &= 5, 6, 2, 8, 9, 1, 2, 1, 2, 1, /* 10 &= 2, 1, 2, 8, 9, 1, /* 20 <= 2, 2, 3, 0, 9, 3, 1, 7, 2, 2, /* 30 &= 0, 10, 0,
